0 0.0 0.0 0.0
1 0.0 0.0 0.0
2 0.0 0.0 0.0
3 0.0 0.0 0.0
4 0.0 0.0 0.0
5 0.0 0.0 0.0
6 0.0 0.0 0.0
7 0.0 0.0 0.0
8 0.0 0.0 0.0
9 0.0017874865044078209 -6.945974367113651e-06 -0.0025905797101449276
10 0.003666611298417396 -1.949068040517488e-05 -0.005314009661835749
11 0.013805357033128986 -7.336858034654378e-05 -0.005314009661835749
12 0.02547185897444095 -0.00013536506795031072 -0.005314009661835749
13 0.03797168248298949 -0.00020178987609720386 -0.005314009661835749
14 0.04824928029104491 -0.0002626121190443312 -0.0057165861513687605
15 0.060499080130526996 -0.00033263991798656813 -0.0057165861513687605
16 0.07074891264927731 -0.00039123460689741943 -0.0057165861513687605
17 0.07984876395860686 -0.000443255257540224 -0.0057165861513687605
18 0.09402361559478528 -0.0005081096508365191 -0.004955716586151369
19 0.10637346394248716 -0.0005693125001600137 -0.004955716586151369
20 0.1167150036182618 -0.0006205626594113341 -0.004955716586151369
21 0.12685376800627615 -0.0006708079135792953 -0.004955716586151369
22 0.13615920929390576 -0.0007169234208293418 -0.004955716586151369
23 0.14546465058153538 -0.0007630389280793884 -0.004955716586151369
24 0.1512256909488619 -0.0007915892451052381 -0.004955716586151369
25 0.16071446331857617 -0.0008386132966772259 -0.004955716586151369
26 0.16721440176817606 -0.0008669002444281322 -0.004553140096618358
27 0.173281005550661 -0.0008945225322407212 -0.004553140096618358
28 0.1812142566508336 -0.0009306439855341069 -0.004553140096618358
29 0.18663086717090943 -0.0009553067425096327 -0.004553140096618358
30 0.1933599385021675 -0.0009911263826299186 -0.0050664251207729475
31 0.19876957329372427 -0.0010218825784846014 -0.0054790660225442845
32 0.2036445001197564 -0.001048592891702704 -0.0054790660225442845
33 0.20895275377476918 -0.001077677454984638 -0.0054790660225442845
34 0.21393601230804649 -0.0011049813307186986 -0.0054790660225442845
35 0.21761929035438188 -0.0011251624562612652 -0.0054790660225442845
36 0.2220608903514334 -0.0011494985194155365 -0.0054790660225442845
37 0.2274691425054417 -0.0011791309865583546 -0.0054790660225442845
38 0.23122741942602373 -0.0011997230399965841 -0.0054790660225442845
39 0.235719018672573 -0.0012243330550812976 -0.0054790660225442845
40 0.23947729559315503 -0.0012449251085195272 -0.0054790660225442845
41 0.24388280261273015 -0.0012656048948055424 -0.004955716586151369
42 0.24699387552083318 -0.0012810226166324237 -0.004955716586151369
43 0.25064938618785426 -0.001299138439779009 -0.004955716586151369
44 0.2538382359186599 -0.0013149416046515624 -0.004955716586151369
45 0.2576493002310861 -0.0013338283138894919 -0.004955716586151369
46 0.2615381413662149 -0.0013531004661730935 -0.004955716586151369
47 0.2646492142743179 -0.0013685181879999747 -0.004955716586151369
48 0.2686158322321493 -0.0013881757833292482 -0.004955716586151369
49 0.2716491283175498 -0.0014032080621104574 -0.004955716586151369
50 0.2748379780483554 -0.0014190112269830107 -0.004955716586151369
51 0.27950458741051 -0.0014421378097233325 -0.004955716586151369
52 0.28253788349591047 -0.0014571700885045416 -0.004955716586151369
53 0.28697949562096114 -0.0014791816395770265 -0.004955716586151369
54 0.2913127757429618 -0.0015006563235501825 -0.004955716586151369
55 0.3010626957840629 -0.0015401429305836013 -0.004351851851851852
56 0.3115487390576604 -0.0015778616104285942 -0.0038486312399355883
57 0.3202153415392358 -0.0016112163321664128 -0.0038486312399355883
58 0.332465250816078 -0.0016583619484689064 -0.0038486312399355883
59 0.3490707438757116 -0.001703920208992728 -0.003111916264090178
60 0.36379289481282323 -0.0017497344578251556 -0.003111916264090178
61 0.3752761725437703 -0.0017854695719144492 -0.003111916264090178
62 0.3970538448733846 -0.0018532400833948706 -0.003111916264090178
63 0.41049266869107254 -0.0018950607128007733 -0.003111916264090178
64 0.4275759193067776 -0.0019482225298421752 -0.003111916264090178
65 0.4409008547870275 -0.0019896887471344687 -0.003111916264090178
66 0.4552341187182532 -0.002034292808261889 -0.003111916264090178
67 0.47063400323017796 -0.0020939335609462904 -0.003619162640901772
68 0.48863388534526264 -0.0021590783462675663 -0.003619162640901772
69 0.5045782253669581 -0.0022167837579564744 -0.003619162640901772
70 0.5252614232417915 -0.002291639941830274 -0.003619162640901772
71 0.5458140664160989 -0.002366023624946342 -0.003619162640901772
72 0.566786151287841 -0.0024419253424117176 -0.003619162640901772
73 0.5885637078947907 -0.0025400740529132704 -0.004210950080515299
74 0.6071274321955503 -0.0026182454313003456 -0.004210950080515299
75 0.6304605586546825 -0.0027165006427998864 -0.004210950080515299
76 0.6551103401068659 -0.0028203002555197585 -0.004210950080515299
77 0.6686435534531626 -0.0028772882781894923 -0.004210950080515299
78 0.6891433716994002 -0.002963612499721232 -0.004210950080515299
79 0.7148375883359447 -0.003071810202860607 -0.004210950080515299
80 0.7355290715495252 -0.003158941520772521 -0.004210950080515299
81 0.7620566141310386 -0.0032706483386083086 -0.004210950080515299
82 0.7892785950000263 -0.0033852794186911062 -0.004210950080515299
83 0.8229449631767742 -0.003527047652426158 -0.004210950080515299
84 0.8519862469760935 -0.0036761719803277536 -0.004826892109500806
85 0.8823913237426402 -0.0038468045164264577 -0.005350241545893721
86 0.904282677084649 -0.003963929662147247 -0.005350241545893721
87 0.9288822204536031 -0.004113816415888601 -0.0058454106280193254
88 0.9652646841037621 -0.004365377917923984 -0.006557971014492755
89 0.9908891330787566 -0.004533424720633296 -0.006557971014492755
90 1.0155343370109535 -0.004709560562727674 -0.006950483091787441
91 1.0481168833098242 -0.004936028646708904 -0.006950483091787441
92 1.0740050096778686 -0.005134727044791506 -0.007433574879227054
93 1.0992458400779326 -0.0053401943811645525 -0.007904589371980677
94 1.1330320688777824 -0.005633280945509166 -0.008417874396135266
95 1.1591394771903736 -0.0058530550206259925 -0.008417874396135266
96 1.193704635568921 -0.006175964776405968 -0.009033816425120774
97 1.2211479601526323 -0.0064238894771919035 -0.009033816425120774
98 1.2555826661105542 -0.0067349747520545795 -0.009033816425120774
99 1.2773678882471988 -0.006931783803498313 -0.009033816425120774
100 1.3050457734595302 -0.0071981248144609026 -0.00942632850241546
101 1.349268320975838 -0.0076638674127955005 -0.01016304347826087
102 1.3855161003374348 -0.008065104690479042 -0.010766908212560388
103 1.4141144426071812 -0.008373032315792119 -0.010766908212560388
104 1.4507789839786511 -0.008767811322603755 -0.010766908212560388
105 1.4965263321898714 -0.009260387856102819 -0.010766908212560388
106 1.526524593311983 -0.009583388861675975 -0.010766908212560388
107 1.560897600847736 -0.009953494180561885 -0.010766908212560388
108 1.6108502608495932 -0.010491350669842223 -0.010766908212560388
109 1.650656286788573 -0.010919955059737493 -0.010766908212560388
110 1.6810961889772047 -0.011247711357892699 -0.010766908212560388
111 1.7295544911564973 -0.011769477611895411 -0.010766908212560388
112 1.7725408882977751 -0.01223232608988154 -0.010766908212560388
113 1.8017391957899638 -0.01254671373530608 -0.010766908212560388
114 1.842292400640226 -0.012983363242840162 -0.010766908212560388
115 1.8754015925453715 -0.013339860648991276 -0.010766908212560388
116 1.9171349334428913 -0.01382072259425915 -0.011270128824476653
117 1.9608988206098068 -0.014313968123992781 -0.011270128824476653
118 1.9937217359849935 -0.014683902271293004 -0.011270128824476653
119 2.0452184653626664 -0.01526430161892321 -0.011270128824476653
120 2.0898489641566496 -0.015767314386869388 -0.011270128824476653
121 2.131846296853004 -0.01624064977716975 -0.011270128824476653
122 2.1755935184117066 -0.016733707475399297 -0.011270128824476653
123 2.2200351403126106 -0.01723459148629915 -0.011270128824476653
124 2.263587929775497 -0.017725457816981007 -0.011270128824476653
125 2.29914122729622 -0.01812616502570089 -0.011270128824476653
126 2.3453216276539974 -0.018646646123527198 -0.011270128824476653
127 2.399155146803001 -0.019301338634477378 -0.011863929146537845
128 2.436565281435695 -0.01972203212586885 -0.011451288244766508
129 2.4812752163624925 -0.020200963322970802 -0.010958132045088569
130 2.5095611599564847 -0.020497697627526852 -0.010646135265700485
131 2.5638053080123404 -0.021075209983721605 -0.010646135265700485
132 2.610191996364555 -0.021527046303883548 -0.010042270531400967
133 2.647301496525867 -0.021872829008454 -0.009559178743961354
134 2.702966165368193 -0.022344443736806947 -0.008834541062801933
135 2.7501869032861443 -0.022718852723195317 -0.008230676328502416
136 2.78796361685728 -0.023002411520542325 -0.007747584541062802
137 2.826073584163128 -0.023297677621914262 -0.007747584541062802
138 2.873711043295439 -0.023666760248629185 -0.007747584541062802
139 2.9137265089665796 -0.02397678965506972 -0.007747584541062802
140 2.951425377499741 -0.024268870670216946 -0.007747584541062802
141 2.9987906225798673 -0.02463584425335064 -0.007747584541062802
142 3.037456128767725 -0.02493541452529651 -0.007747584541062802
143 3.0770882726102795 -0.02524247405404103 -0.007747584541062802
144 3.135086531892066 -0.025691829461959838 -0.007747584541062802
145 3.172785400425228 -0.025983910477107065 -0.007747584541062802
146 3.2131008570926536 -0.026296264135657523 -0.007747584541062802
147 3.26226604815049 -0.026677183231450765 -0.007747584541062802
148 3.3015982009967595 -0.02698191850808536 -0.007747584541062802
149 3.3511803738353305 -0.027321154488675902 -0.007143719806763285
150 3.4007627424863998 -0.027630449483607322 -0.006539855072463768
151 3.459270200186213 -0.02795054782635136 -0.0058272946859903385
152 3.498936350451348 -0.028152952342535596 -0.005344202898550725
153 3.538602593867842 -0.028336194444414396 -0.004861111111111112
154 3.5782689211784793 -0.028500274089223145 -0.004378019323671499
155 3.6282684420029145 -0.028719174356126313 -0.004378019323671499
156 3.6692680490789518 -0.02889867257498691 -0.004378019323671499
157 3.7296843515444347 -0.029108452246050184 -0.003774154589371982
158 3.76895498564351 -0.029233544815804396 -0.0033816425120772957
159 3.810239550314927 -0.029347601194972046 -0.002969001610305959
160 3.8518658854356387 -0.029414506704667054 -0.002061191626409019
161 3.9001991755982144 -0.029479106792787434 -0.0015780998389694051
162 3.95019911333825 -0.029558011751985087 -0.0015780998389694051
163 4.0031990473426875 -0.0296416510087346 -0.0015780998389694051
164 4.051532363073078 -0.029682901674687602 -0.0010950080515297915
165 4.102226777125126 -0.029738412488428793 -0.0010950080515297915
166 4.163560110456471 -0.029738906315589283 -0.00037037037037037106
167 4.21671565732658 -0.029708519485968598 0.0002576489533011266
168 4.275457322043523 -0.029693384757204216 0.0002576489533011266
169 4.316679542897518 -0.029682763894913422 0.0002576489533011266
170 4.369237874486362 -0.02966922229549266 0.0002576489533011266
171 4.4403462054595035 -0.02965090130804104 0.0002576489533011266
172 4.482598981834848 -0.029640014924192975 0.0002576489533011266
173 4.533436456548955 -0.029589310461484414 0.0007508051529790654
174 4.5863488953655045 -0.0295088447240811 0.0012640901771336548
175 4.6375945144707815 -0.02936066731465322 0.0023490338164251206
176 4.689885760781303 -0.029150995976321155 0.0034561191626409013
177 4.743222553472003 -0.028876311212769387 0.004585346215780998
178 4.794807891979118 -0.02859398042397378 0.005177133655394525
179 4.8474458069977 -0.028273783682409792 0.005780998389694042
180 4.912716473534638 -0.027823135647883718 0.006529790660225443
181 4.955879220961666 -0.027509227121610438 0.007024959742351047
182 5.005750212590385 -0.027158879649865755 0.007024959742351047
183 5.04819360972121 -0.02686071158880645 0.007024959742351047
184 5.103802955942148 -0.026417663180403842 0.007652979066022544
185 5.165828384294409 -0.025877798597478623 0.008353462157809983
186 5.2214370928516605 -0.02536087345100274 0.008981481481481481
187 5.274246073919887 -0.024886557811539225 0.008981481481481481
188 5.317021836693015 -0.024471358122227362 0.009464573268921094
189 5.381017016495031 -0.023808646828513864 0.010058373590982286
190 5.425488092512502 -0.023333796209242964 0.010471014492753623
191 5.479720786252847 -0.022724962797915013 0.010974235104669888
192 5.543714892660279 -0.021965641215465407 0.01156803542673108
193 5.598710613812067 -0.021279598217719766 0.012171900161030598
194 5.653705910659541 -0.020560345370535225 0.012775764895330114
195 5.697701900981309 -0.019966345701369424 0.013258856682769727
196 5.763695109620018 -0.01901955450596145 0.013983494363929148
197 5.841270857827588 -0.017934703757311515 0.013983494363929148
198 5.8966821065472805 -0.017159810365418703 0.013983494363929148
199 5.95292660712742 -0.016373264441316978 0.013983494363929148
200 5.9990470976031345 -0.015728296783553565 0.013983494363929148
201 6.067665388310904 -0.01476871075614946 0.013983494363929148
202 6.121660108867838 -0.014013626669011804 0.013983494363929148
203 6.178251184227052 -0.01317950859622832 0.014486714975845413
204 6.23484183267557 -0.01231691283468775 0.014989935587761677
205 6.30544501084154 -0.011258496465761032 0.014989935587761677
206 6.34871792649165 -0.010609789658999495 0.014989935587761677
207 6.4067947343378515 -0.009739156839398485 0.014989935587761677
208 6.474472118044099 -0.008652247448967192 0.015702495974235106
209 6.5437969038492305 -0.007563585800963666 0.015702495974235106
210 6.604238687722132 -0.006566960364105691 0.01622584541062802
211 6.672057536912955 -0.005466445619051401 0.01622584541062802
212 6.721167738051136 -0.004669521148494846 0.01622584541062802
213 6.801812676420565 -0.003360873997319632 0.01622584541062802
214 6.861110425221615 -0.002398633444984916 0.01622584541062802
215 6.921594128998687 -0.0014171480816035054 0.01622584541062802
216 6.992058256415104 -0.00034904116691918596 0.01551328502415459
217 7.041366211433134 0.00041594856220750144 0.01551328502415459
218 7.113941801035387 0.001476171021509595 0.014909420289855074
219 7.168373789468638 0.0022507944477480964 0.014456521739130436
220 7.227984226569788 0.003112614065937023 0.014456521739130436
221 7.296110440399674 0.004097550772438653 0.014456521739130436
222 7.343555482174058 0.0047834888358951454 0.014456521739130436
223 7.404799858832124 0.005613445319678283 0.013852657004830918
224 7.466460608796803 0.006467665180787019 0.013852657004830918
225 7.528538738961979 0.007271426944766769 0.013248792270531402
226 7.5901999935174995 0.008088411899997584 0.013248792270531402
227 7.664694483928644 0.008994446327600915 0.012524154589371981
228 7.714690562618696 0.009620637686619929 0.012524154589371981
229 7.764353771815262 0.010206666760839074 0.012041062801932368
230 7.8405982442452995 0.011124775613440174 0.012041062801932368
231 7.901843804066149 0.011862272888480402 0.012041062801932368
232 7.951840179430108 0.012464311480349976 0.012041062801932368
233 8.014335648635058 0.013216859720186942 0.012041062801932368
234 8.077177725785782 0.014021024150945116 0.012544283413848632
235 8.14036719818667 0.014813732381886715 0.012544283413848632
236 8.223053857553666 0.015948415025557723 0.013329307568438004
237 8.28029937486695 0.01666482798918575 0.012785829307568438
238 8.356627484631526 0.017557821575122333 0.012061191626409017
239 8.420650605330321 0.018330054148915108 0.012061191626409017
240 8.472808375374356 0.018920423845931306 0.011566022544283414
241 8.544514690038095 0.019749817681696098 0.011566022544283414
242 8.614940534797126 0.020564400913250805 0.011566022544283414
243 8.67640309022319 0.02127530991533491 0.011566022544283414
244 8.753648700904057 0.02209879673369093 0.010962157809983898
245 8.826133234381402 0.02289341545819468 0.010962157809983898
246 8.883085367827887 0.02351775874173334 0.010962157809983898
247 8.950950734414796 0.024261739401443643 0.010962157809983898
248 9.014974665157164 0.024963607948340155 0.010962157809983898
249 9.075157160054989 0.025623364382422877 0.010962157809983898
250 9.139528806483858 0.026280449640730535 0.010458937198067633
251 9.194888642687742 0.026823535019956237 0.010026167471819647
252 9.255724473716974 0.027433505689183745 0.010026167471819647
253 9.320443442897007 0.02808241065644705 0.010026167471819647
254 9.384815676153952 0.028679244396614106 0.009522946859903382
255 9.462062808061898 0.02934491097717471 0.008919082125603866
256 9.527723127792658 0.029879998917935878 0.008405797101449276
257 9.57793409365941 0.03027250748840783 0.00801328502415459
258 9.641959815748764 0.030785574830253553 0.00801328502415459
259 9.71829131808074 0.03131428034522554 0.007288647342995169
260 9.78203962474862 0.03177892749930065 0.007288647342995169
261 9.837038163834634 0.032179799553796816 0.007288647342995169
262 9.901169793653722 0.032647240664615385 0.007288647342995169
263 9.96609258483419 0.03318278742940137 0.007928743961352657
264 10.026576415497974 0.03370801650355965 0.008431964573268922
265 10.090321371582773 0.03424552445363648 0.008431964573268922
266 10.146066612057993 0.03471557748645237 0.008431964573268922
267 10.206556128318338 0.0352256350326994 0.008431964573268922
268 10.278398644346254 0.03575202681603582 0.007695249597423511
269 10.323734999532068 0.036074214208330985 0.0073027375201288255
270 10.39256700314964 0.03650206437864261 0.006578099838969405
271 10.462037722297211 0.036959056296659 0.006578099838969405
272 10.516703206216611 0.03731865649444239 0.006578099838969405
273 10.573298906776316 0.037733676286605684 0.007081320450885669
274 10.644172129766783 0.03823556067903055 0.007081320450885669
275 10.707345545815077 0.0386829193596858 0.007081320450885669
276 10.78654276118187 0.03934705650353367 0.007950885668276973
277 10.838607468469663 0.039798756419701056 0.008433977455716586
278 10.901518631058206 0.04038444992423528 0.009017713365539453
279 10.958196365145541 0.04094999109144025 0.009657809983896941
280 11.01059622916242 0.04150259387799648 0.010249597423510467
281 11.073758836862925 0.04221867086390942 0.010974235104669888
282 11.1260463296704 0.04287935133596151 0.012081320450885669
283 11.177917056090672 0.043545208402676755 0.012584541062801933
284 11.218802323621912 0.04408938986768068 0.013067632850241546
285 11.28928140391086 0.0450849305207891 0.013772141706924316
286 11.36027467066529 0.04606272167138126 0.013772141706924316
287 11.408453434558966 0.046726288388837106 0.013772141706924316
288 11.458715334214217 0.04741854616118123 0.013772141706924316
289 11.505110933895986 0.048057553335652724 0.013772141706924316
290 11.558461429507062 0.04879235037871118 0.013772141706924316
291 11.600379676058623 0.04936969091254282 0.013772141706924316
292 11.656040197438756 0.050196816942575655 0.014496779388083737
293 11.702423583801217 0.05091129710069974 0.015100644122383253
294 11.752604715256915 0.051710798242661435 0.015654186795491142
295 11.802404168422637 0.05249043186987108 0.015654186795491142
296 11.847260400639925 0.053152037033195765 0.015050322061191626
297 11.893014168387202 0.05379841646724294 0.014434380032206118
298 11.93622539385994 0.05439021588823975 0.01394122383252818
299 11.979971142353634 0.05500012467371784 0.01394122383252818
300 12.022883638495065 0.05559841614899635 0.01394122383252818
301 12.065796134636496 0.05619670762427485 0.01394122383252818
302 12.108708630777928 0.05679499909955336 0.01394122383252818
303 12.142372025809264 0.0572643384316165 0.01394122383252818
304 12.184451269598435 0.05785101259669542 0.01394122383252818
305 12.220341154424213 0.058328091527885664 0.013508454106280193
306 12.267865244212393 0.05892016441094679 0.012807971014492752
307 12.309228517946195 0.05944997299297184 0.012807971014492752
308 12.347759105320208 0.059909988635509344 0.012228260869565216
309 12.387564462413343 0.060396763188817634 0.012228260869565216
310 12.424992219501473 0.060854462379790294 0.012228260869565216
311 12.463183808366912 0.06132150237057873 0.012228260869565216
312 12.500681004707525 0.061780050725171 0.012228260869565216
313 12.538078208524563 0.06223737628415103 0.012228260869565216
314 12.587524511432385 0.06284204871440671 0.012228260869565216
315 12.623008286880474 0.06324918719177007 0.011725040257648952
316 12.651117465704168 0.06357878354915124 0.011725040257648952
317 12.687226477456013 0.06396816252147779 0.011097020933977454
318 12.719758109297011 0.06430088994679133 0.010517310789049918
319 12.746534406092211 0.06458251496591651 0.010517310789049918
320 12.779657827598903 0.06490589197496316 0.010014090177133653
321 12.80653425770926 0.06517504396682139 0.010014090177133653
322 12.837838243586038 0.06548853538354754 0.010014090177133653
323 12.863392517771164 0.06574444674414032 0.010014090177133653
324 12.901306923793967 0.06615848424142849 0.01061795491143317
325 12.933180127001695 0.06649692519478674 0.01061795491143317
326 12.961928506365528 0.06680218566252163 0.01061795491143317
327 13.001392435920918 0.06726698865842064 0.01139090177133655
328 13.032415423154804 0.06762038374343628 0.01139090177133655
329 13.06672986350644 0.06801127306927414 0.01139090177133655
330 13.09039499478343 0.06828085191467956 0.01139090177133655
331 13.125475675695764 0.06871225022807088 0.011994766505636066
332 13.148585124277915 0.06898945596228703 0.011994766505636066
333 13.171361059549156 0.06927916791241569 0.01247785829307568
334 13.211196847081586 0.06977625902302909 0.01247785829307568
335 13.243807743479122 0.07021805604200163 0.01319041867954911
336 13.271443886444274 0.07060764688126314 0.013794283413848626
337 13.301003225103871 0.07103997113137556 0.014347826086956518
338 13.324875767690925 0.07138251372627646 0.014347826086956518
339 13.35299231784901 0.0717859527824931 0.014347826086956518
340 13.3784563632752 0.0721513315503874 0.014347826086956518
341 13.404042282366378 0.07254117617023925 0.014939613526570044
342 13.426495063883092 0.07289413150931083 0.015458937198067629
343 13.455783230576674 0.07334693150930587 0.015458937198067629
344 13.476336330010769 0.07366468589526728 0.015458937198067629
345 13.501333342836018 0.07405114393224739 0.015458937198067629
346 13.530829304870807 0.07453922552619738 0.016183574879227048
347 13.555476076923979 0.07493813323357856 0.016183574879227048
348 13.581572659097924 0.07536050610021747 0.016183574879227048
349 13.611902020245166 0.07585138644330994 0.016183574879227048
350 13.630566242489623 0.07615346665444377 0.016183574879227048
351 13.653654885275065 0.07652715605848476 0.016183574879227048
352 13.67583809108853 0.07688619097609277 0.016183574879227048
353 13.693613327703275 0.07718676709929936 0.016666666666666663
354 13.719703651490505 0.07765048634804765 0.017403381642512074
355 13.74067269778375 0.07801545551111853 0.017403381642512074
356 13.760541910655522 0.07836128192073563 0.017403381642512074
357 13.7823854347814 0.07876324285090192 0.018067632850241544
358 13.80182670559621 0.07911453882056807 0.018067632850241544
359 13.82394809445906 0.07951426344890962 0.018067632850241544
360 13.842644722213496 0.07986938400881338 0.01868357487922705
361 13.862457930219703 0.08023960864403887 0.01868357487922705
362 13.875097390499525 0.08047578642857926 0.01868357487922705
363 13.891483418987978 0.0807819716469463 0.01868357487922705
364 13.907036259587187 0.08107258812539636 0.01868357487922705
365 13.92764377338114 0.08145765495934269 0.01868357487922705
366 13.94166910285007 0.08171972874794498 0.01868357487922705
367 13.957999907514003 0.08200712534895406 0.01795893719806763
368 13.96855376090834 0.08219668171848865 0.01795893719806763
369 13.98105174519111 0.08242115636662171 0.01795893719806763
370 13.994099863795837 0.08264274354348493 0.017306763285024153
371 14.009497557518177 0.08290925439320762 0.017306763285024153
372 14.020970650669494 0.0831184398162351 0.01792270531400966
373 14.030905165967797 0.08329651227378382 0.01792270531400966
374 14.041042426476269 0.08347821886311925 0.01792270531400966
375 14.049557725303385 0.08363085239816101 0.01792270531400966
376 14.061519692703383 0.08384526617357681 0.01792270531400966
377 14.070637672497716 0.08400870253872426 0.01792270531400966
378 14.080127814732633 0.08417880977591854 0.01792270531400966
379 14.090292848557565 0.08436101419152613 0.01792270531400966
380 14.100288465152083 0.08454018186687358 0.01792270531400966
381 14.106509688039473 0.0846516949518356 0.01792270531400966
382 14.114441747220898 0.08479387413516216 0.01792270531400966
383 14.120507439536103 0.08490259939300013 0.01792270531400966
384 14.128439498717528 0.0850447785763267 0.01792270531400966
385 14.136527088471137 0.08518974558677732 0.01792270531400966
386 14.14383702536382 0.08532077346160769 0.01792270531400966
387 14.150835901112135 0.08544622568218996 0.01792270531400966
388 14.157834776860449 0.08557167790277223 0.01792270531400966
389 14.167166611191536 0.08573894753021526 0.01792270531400966
390 14.173543364651112 0.08585324844230133 0.01792270531400966
391 14.181164362688165 0.0859898519713798 0.01792270531400966
392 14.18852416903486 0.08612844248069906 0.018526570048309175
393 14.194411966719843 0.08624180370157729 0.01900966183574879
394 14.201918808394177 0.08639146171479875 0.019625603864734296
395 14.209539562759469 0.08654104282605155 0.019625603864734296
396 14.215760586731134 0.08666314985564566 0.019625603864734296
397 14.2219816107028 0.08678525688523978 0.019625603864734296
398 14.228202634674465 0.08690736391483389 0.019625603864734296
399 14.234423658646131 0.087029470944428 0.019625603864734296
400 14.242199938610714 0.08718210473142066 0.019625603864734296
401 14.248887539380254 0.08731336978823434 0.019625603864734296
402 14.25619724254696 0.08745684554800744 0.019625603864734296
403 14.262418266518626 0.08757895257760155 0.019625603864734296
404 14.268916936561933 0.08771043515526722 0.02002818035426731
405 14.277387459618142 0.08788010700604919 0.02002818035426731
406 14.288551886728293 0.08810374006839132 0.02002818035426731
407 14.29599483813506 0.08825282877661941 0.02002818035426731
408 14.304104322503628 0.08841526871245002 0.02002818035426731
409 14.319701193809749 0.08872768743834888 0.02002818035426731
410 14.33089894756799 0.08895198806207114 0.02002818035426731
411 14.343326579544085 0.08922157086284321 0.021135265700483092
412 14.353879777606936 0.08944464872513389 0.021135265700483092
413 14.365099493442179 0.08968181571556923 0.021135265700483092
414 14.379758475774237 0.09000297492592639 0.021648550724637682
415 14.391239118324606 0.0902515530325938 0.021648550724637682
416 14.406791028891142 0.09058828196276737 0.021648550724637682
417 14.418260562933963 0.09083661954877038 0.021648550724637682
418 14.433631960252852 0.0911694400181473 0.021648550724637682
419 14.450711290607174 0.09153924053967719 0.021648550724637682
420 14.465041265343483 0.09184951219676568 0.021648550724637682
421 14.483786871829935 0.09225539081795703 0.021648550724637682
422 14.499338782396471 0.0925921197481306 0.021648550724637682
423 14.51555720341586 0.09294327991816875 0.021648550724637682
424 14.531775624435248 0.0932944400882069 0.021648550724637682
425 14.553162278591124 0.09375750249736166 0.021648550724637682
426 14.573710240427161 0.09420240559635348 0.021648550724637682
427 14.591150597276778 0.0945800230394767 0.021648550724637682
428 14.609257464579246 0.0949720717224645 0.021648550724637682
429 14.632237807434768 0.09548699526529943 0.022151771336553945
430 14.65598244736327 0.09599154919283168 0.02154790660225443
431 14.68014350380698 0.09651224997224238 0.02154790660225443
432 14.70029682927652 0.09696155532114055 0.022043075684380034
433 14.730789419644472 0.097633814684939 0.022043075684380034
434 14.75004838183761 0.09806946404710307 0.022425523349436396
435 14.776763884983902 0.09866867363838963 0.022425523349436396
436 14.80275457042529 0.09925162608795834 0.022425523349436396
437 14.823441034348026 0.09971560864985997 0.022425523349436396
438 14.850656411773562 0.10032603006302092 0.022425523349436396
439 14.87939300873092 0.10099765624628104 0.023053542673107892
440 14.906319185308051 0.10161850999844095 0.023053542673107892
441 14.92909052409025 0.10216007306968244 0.023536634460547507
442 14.957971411513975 0.10283995751041879 0.023536634460547507
443 14.994053081734787 0.10368935544681179 0.023536634460547507
444 15.018304696145497 0.10426026225651858 0.023536634460547507
445 15.040806795260346 0.10478998375875767 0.023536634460547507
446 15.068782377943673 0.10544855643721708 0.023536634460547507
447 15.097524414947092 0.10612517220275758 0.023536634460547507
448 15.129112315257677 0.10689263954997372 0.02403985507246377
449 15.160408825279566 0.10764514808265642 0.02403985507246377
450 15.195537561018421 0.10848980051730027 0.02403985507246377
451 15.219169619606378 0.10905802124606068 0.02403985507246377
452 15.250627194187386 0.10981440249346348 0.02403985507246377
453 15.284404296189997 0.1106525770309055 0.02455314009661836
454 15.323889613428022 0.11162226042468203 0.02455314009661836
455 15.351043508331259 0.11230592542598336 0.024965780998389697
456 15.383836063814705 0.11312478732116754 0.024965780998389697
457 15.417967090950537 0.11397707215084904 0.024965780998389697
458 15.451428882260176 0.11481264551328188 0.024965780998389697
459 15.48530643021173 0.11568930674405672 0.025569645732689213
460 15.511730638794708 0.11638379351456626 0.026040660225442838
461 15.538832039540758 0.11710934384436078 0.026523752012882453
462 15.572030674240047 0.11801959399552932 0.02711553945249598
463 15.599808780563437 0.1187936448758967 0.027610708534621584
464 15.627928614118424 0.11957025076307289 0.027610708534621584
465 15.661535244464629 0.12049838950628344 0.027610708534621584
466 15.690340927618518 0.12129393700046393 0.027610708534621584
467 15.72326170836582 0.12220313413667018 0.027610708534621584
468 15.750334183829004 0.12296995663224174 0.02808172302737521
469 15.778434211693952 0.12375926132017892 0.02808172302737521
470 15.809344242345395 0.12462749647690982 0.02808172302737521
471 15.842361775086708 0.125554929485236 0.02808172302737521
472 15.870461802951656 0.12634423417317317 0.02808172302737521
473 15.906642572303099 0.12738839883076455 0.0285950080515298
474 15.934309952732962 0.12819606677637932 0.028987520128824485
475 15.962964576282326 0.12902692598344445 0.028987520128824485
476 16.005946511606375 0.13027321479404214 0.028987520128824485
477 16.04290497218731 0.1313790251247605 0.02960346215780999
478 16.071492441083404 0.13222556048417478 0.02960346215780999
479 16.100812922002476 0.13309380187844586 0.02960346215780999
480 16.130133402921548 0.13396204327271694 0.02960346215780999
481 16.158720871817643 0.13480857863213122 0.02960346215780999
482 16.189507376782668 0.13572023209611583 0.02960346215780999
483 16.225424965908534 0.1367838278040979 0.02960346215780999
484 16.264274603126307 0.13793424765150705 0.02960346215780999
485 16.29872616820622 0.13895443128977555 0.02960346215780999
486 16.32804664912529 0.13982267268404663 0.02960346215780999
487 16.357367130044363 0.1406909140783177 0.02960346215780999
488 16.394017731193205 0.14177621582115654 0.02960346215780999
489 16.423338212112277 0.14264445721542762 0.02960346215780999
490 16.45998881326112 0.14372975895826645 0.02960346215780999
491 16.49737242643294 0.14483676673596207 0.02960346215780999
492 16.525226883306058 0.1456615960605196 0.02960346215780999
493 16.55894543636299 0.14666007366393133 0.02960346215780999
494 16.592663989419922 0.14765855126734306 0.02960346215780999
495 16.63004760259174 0.1487655590450387 0.02960346215780999
496 16.657169047441883 0.14956868233473944 0.02960346215780999
497 16.686489528360955 0.15043692372901052 0.02960346215780999
498 16.723873141532774 0.15154393150670614 0.02960346215780999
499 16.753193622451846 0.15241217290097722 0.02960346215780999
500 16.78178109134794 0.1532587082603915 0.02960346215780999
501 16.818431692496784 0.15434401000323034 0.02960346215780999
502 16.848869027771176 0.1552221451831246 0.029096215780998396
503 16.891134464048406 0.15645225658996392 0.029096215780998396
504 16.919788997117713 0.15728623042510922 0.029096215780998396
505 16.94772716686029 0.15809935491437588 0.029096215780998396
506 16.984261696523657 0.15916267155418615 0.029096215780998396
507 17.019363499533558 0.16018428950223915 0.029096215780998396
508 17.047739868497413 0.1610273178367406 0.029498792270531406
509 17.0835659419666 0.16208445038509162 0.029498792270531406
510 17.112367295147713 0.1629343020416091 0.029498792270531406
511 17.137656288184786 0.16368051325220984 0.029498792270531406
512 17.167160113394704 0.16455109299791068 0.029498792270531406
513 17.2036886588927 0.16562895363544505 0.029498792270531406
514 17.231085068016196 0.16643734911359584 0.029498792270531406
515 17.258481477139693 0.16724574459174663 0.029498792270531406
516 17.29430755060888 0.16830287714009765 0.029498792270531406
517 17.322406431761184 0.16913200070743178 0.029498792270531406
518 17.360004444993436 0.17027152836693651 0.030032206119162647
519 17.385542502927965 0.1710526153867785 0.030394524959742358
520 17.429238977827445 0.1723811581235781 0.030394524959742358
521 17.46505576053194 0.17347012757997124 0.030394524959742358
522 17.501288004734967 0.1746045789945848 0.030998389694041874
523 17.530998032020705 0.175547926057346 0.031493558776167475
524 17.559583849820278 0.17644849295076773 0.031493558776167475
525 17.595499364491538 0.1775799744322463 0.031493558776167475
526 17.626284091352616 0.17854981570208506 0.031493558776167475
527 17.66146663633671 0.17965820572475794 0.031493558776167475
528 17.698848090382306 0.18083587012384786 0.031493558776167475
529 17.742826271612422 0.18222135765218894 0.031493558776167475
530 17.771412089411996 0.18312192454561066 0.031493558776167475
531 17.801063360229776 0.18407756569262887 0.03197665056360709
532 17.831455418051476 0.18507233072692653 0.03247181964573269
533 17.860364499158052 0.18603183819086325 0.03294283413848631
534 17.89075558166861 0.18705596706335448 0.03343800322061191
535 17.919663722221514 0.1880434055544203 0.03390901771336553
536 17.956724584002156 0.1893341941456179 0.03451288244766505
537 17.993784659563968 0.1906473622475627 0.03511674718196457
538 18.023832789240526 0.19170298878431555 0.03511674718196457
539 18.060476849821697 0.19299033821937997 0.03511674718196457
540 18.096388029191242 0.1942519406657431 0.03511674718196457
541 18.133032089772414 0.19553929010080753 0.03511674718196457
542 18.16308021944897 0.19659491663756037 0.03511674718196457
543 18.20003120809484 0.19792723157522052 0.03573268921095008
544 18.235841667412853 0.19920738047698985 0.03573268921095008
545 18.278098009408108 0.20071795618107766 0.03573268921095008
546 18.306468158793102 0.201749283587313 0.036135265700483095
547 18.341584108745636 0.20301876036018607 0.036135265700483095
548 18.36897454970861 0.20400895224302706 0.036135265700483095
549 18.403943373546717 0.20527311025946043 0.036135265700483095
550 18.438226534172312 0.20651248086380686 0.036135265700483095
551 18.471414886671546 0.20774177318917256 0.036727053140096624
552 18.505533529481653 0.2089954141163222 0.036727053140096624
553 18.532293249332717 0.2099786619023219 0.036727053140096624
554 18.565394983539072 0.2112199586162023 0.03723027375201289
555 18.597494946134393 0.21241560148629363 0.03723027375201289
556 18.6362997752087 0.21390322317602012 0.03795491143317231
557 18.668221213226367 0.2151153806527497 0.03795491143317231
558 18.700142651244036 0.2163275381294793 0.03795491143317231
559 18.732064089261705 0.2175396956062089 0.03795491143317231
560 18.763985527279374 0.21875185308293849 0.03795491143317231
561 18.78952267769351 0.21972157906432216 0.03795491143317231
562 18.814782824998517 0.22066551100679815 0.0375523349436393
563 18.840043350261393 0.2215992737316312 0.037149758454106285
564 18.87225119175649 0.2227715067521341 0.036636473429951695
565 18.90285564114026 0.22389324777232877 0.036636473429951695
566 18.928748559340836 0.22482624975031185 0.03622383252818036
567 18.95337874597799 0.22570431974376232 0.03583132045088567
568 18.984608687444112 0.22682380892301413 0.03583132045088567
569 19.016463227739557 0.22796568788585098 0.03583132045088567
570 19.04207177974178 0.22888366901283747 0.03583132045088567
571 19.07267712237858 0.22998076840850423 0.03583132045088567
572 19.097036476722156 0.23085396996832064 0.03583132045088567
573 19.13463046446753 0.23215999313493485 0.03509460547504026
574 19.159282563267233 0.23300761876823892 0.03461151368760065
575 19.19256373063429 0.23412739494488308 0.033959339774557167
576 19.214135080127953 0.23484653248393658 0.033536634460547506
577 19.24536750824606 0.23589435586953741 0.033536634460547506
578 19.270353450740544 0.23673261457801809 0.033536634460547506
579 19.30158587885865 0.23778043796361892 0.033536634460547506
580 19.332818306976755 0.23882826134921975 0.033536634460547506
581 19.35780424947124 0.23966652005770042 0.033536634460547506
582 19.383414840528086 0.24052573523389312 0.033536634460547506
583 19.42026910570745 0.24176216682890211 0.033536634460547506
584 19.451501533825557 0.24280999021450295 0.033536634460547506
585 19.47648747632004 0.24364824892298362 0.033536634460547506
586 19.50834455300051 0.24471702877629647 0.033536634460547506
587 19.527292512013904 0.2453441268583256 0.033234702093397746
588 19.558241442756742 0.24635016549075262 0.03274154589371981
589 19.59677053924122 0.24757660044033805 0.03212761674718197
590 19.62140411599802 0.24835377279018564 0.03173510466988728
591 19.647301296149486 0.24915985332900636 0.03132246376811594
592 19.67825209409201 0.25010670842664057 0.030829307568438002
593 19.71073665056442 0.251108502213166 0.030829307568438002
594 19.73759887995507 0.251936908613562 0.030829307568438002
595 19.765336381660536 0.2527696745705762 0.030285829307568436
596 19.797196764401527 0.25373488780997266 0.030285829307568436
597 19.82843243375544 0.254681175299577 0.030285829307568436
598 19.858636043968566 0.2555693613939157 0.02969404186795491
599 19.88382549688578 0.2562983756129183 0.029186795491143315
600 19.91261395079371 0.2571138028574399 0.02860708534621578
601 19.93660462222744 0.25778289489806744 0.028123993558776164
602 19.960261929829354 0.2584484083385529 0.028123993558776164
603 19.990424997021798 0.2592969379751719 0.028123993558776164
604 20.0132205193046 0.2599247765016831 0.02773148148148148
605 20.042098300621085 0.2607258055098143 0.02773148148148148
606 20.06486777219427 0.2613408866197692 0.027248389694041864
607 20.08786478775629 0.26196767339373117 0.027248389694041864
608 20.109739997681135 0.26256388520310964 0.027248389694041864
609 20.137785138610425 0.26332825931769743 0.027248389694041864
610 20.165830279539716 0.26409263343228523 0.027248389694041864
611 20.188266392283147 0.26470413272395543 0.027248389694041864
612 20.211263407845166 0.26533091949791743 0.027248389694041864
613 20.240991257230217 0.2661411560593805 0.027248389694041864
614 20.25591091396657 0.2665404903420949 0.026922302737520123
615 20.283540449573703 0.2672594765355815 0.026318438003220607
616 20.305644319220097 0.2678253221180419 0.025835346215780992
617 20.327748459642557 0.26838048943699294 0.025352254428341377
618 20.354826465431373 0.26904307348777173 0.02476046698872785
619 20.38301012348828 0.2697150020373202 0.024144524959742345
620 20.415122983210757 0.2704905024810265 0.024144524959742345
621 20.437228030724977 0.2710082948737356 0.02366143317230273
622 20.464859763952123 0.2716371810925456 0.023057568438003214
623 20.497517747362956 0.2723903282554157 0.023057568438003214
624 20.51962260582032 0.2729161296891493 0.02354066022544283
625 20.541394349660862 0.27342874560778446 0.02354066022544283
626 20.56371038709742 0.2739541769243855 0.02354066022544283
627 20.590925066898098 0.27459494682267943 0.02354066022544283
628 20.61269681073864 0.2751075627413146 0.02354066022544283
629 20.63977597242694 0.27572109137335377 0.022948872785829303
630 20.661881623240102 0.2762124534541315 0.022465780998389688
631 20.690491068632753 0.2768552951422721 0.022465780998389688
632 20.7185395445079 0.27748553209142957 0.022465780998389688
633 20.740417355690518 0.2779771169117724 0.022465780998389688
634 20.762856136390635 0.27848130647109837 0.022465780998389688
635 20.792892999268417 0.2791562216039783 0.022465780998389688
636 20.814843014448336 0.2796494288164674 0.022465780998389688
637 20.84407223538518 0.28028412270048914 0.021962560386473425
638 20.867733194424915 0.2808038615109301 0.021962560386473425
639 20.89832642251707 0.2814475966283314 0.02134661835748792
640 20.917522282526882 0.2818462926073352 0.02096014492753623
641 20.946499756212543 0.28242907035916737 0.020392512077294683
642 20.97149455821082 0.2829388478271723 0.020392512077294683
643 20.9964893602091 0.2834486252951773 0.020392512077294683
644 21.022394017332356 0.28396091911636745 0.019979871175523346
645 21.0536933245812 0.28458635846943753 0.019979871175523346
646 21.086270154574898 0.2852373259593676 0.019979871175523346
647 21.10503604722127 0.28560245324942746 0.019629629629629625
648 21.13846293945599 0.28625869505404333 0.019629629629629625
649 21.16429575584775 0.2867506335863987 0.01923711755233494
650 21.191068578996507 0.28726572907398124 0.01923711755233494
651 21.218510722723984 0.28779370194875337 0.01923711755233494
652 21.25171624287126 0.28840307292222916 0.018645330112721414
653 21.27882300071571 0.2888888968011333 0.0181622383252818
654 21.31338453159667 0.28948473873396713 0.017546296296296292
655 21.340464024901905 0.2899407944062841 0.017075281803542668
656 21.375181708121712 0.29050221038267243 0.01647141706924315
657 21.40989972403086 0.291042661473421 0.015867552334943635
658 21.43767431703805 0.29146328191588905 0.015384460547504022
659 21.465782101523025 0.29189573913614036 0.015384460547504022
660 21.494877540652656 0.2923253790429959 0.014971819645732685
661 21.529650407583027 0.29282030286931154 0.014478663446054746
662 21.558036563942697 0.2932141803504499 0.014076086956521735
663 21.593866347393963 0.29371855681013237 0.014076086956521735
664 21.630529381623166 0.29423466295492373 0.014076086956521735
665 21.65985980900653 0.2946475478707568 0.014076086956521735
666 21.696938980613616 0.29520310528758437 0.014679951690821251
667 21.735184859231357 0.2957645932723826 0.014679951690821251
668 21.7644317075861 0.2961939664372283 0.014679951690821251
669 21.797428151883757 0.2966783874437209 0.014679951690821251
670 21.833000327962306 0.2972258684115512 0.015152979066022539
671 21.863552375612038 0.2976888583866918 0.015152979066022539
672 21.901386396579646 0.29829579311821974 0.015744766505636065
673 21.948213925095736 0.2990331425508179 0.015744766505636065
674 21.9794322774398 0.2995247088392167 0.015744766505636065
675 22.019235676678477 0.3001514558569252 0.015744766505636065
676 22.05781793393737 0.3007875227234931 0.016237922705314004
677 22.090385862092848 0.3013164047078323 0.016237922705314004
678 22.12136511082611 0.3018194875709842 0.016237922705314004
679 22.15380527804903 0.3023462948008223 0.016237922705314004
680 22.186245445271954 0.3028731020306604 0.016237922705314004
681 22.218685612494877 0.30339990926049853 0.016237922705314004
682 22.264569184046767 0.3040984685631486 0.015561594202898545
683 22.300620809793994 0.30463079121119374 0.01503019323671497
684 22.342005023757057 0.3052528507871908 0.01503019323671497
685 22.38457152866405 0.30585990160663906 0.014516908212560381
686 22.417122537740127 0.30631330594081824 0.014124396135265695
687 22.468036155024812 0.3069855830766496 0.013510466988727854
688 22.509768870818863 0.30751793928444104 0.013007246376811589
689 22.552336516658844 0.30803887914306116 0.012493961352656999
690 22.600680583452114 0.308591239978882 0.011781400966183568
691 22.632311721435226 0.3089639163413053 0.011781400966183568
692 22.673675517259294 0.309451262353705 0.011781400966183568
693 22.713417203443203 0.3099194967577753 0.011781400966183568
694 22.754355565649966 0.31043965949404534 0.012397342995169076
695 22.785336518035823 0.3108237606653211 0.012397342995169076
696 22.81711185381619 0.31121771058457826 0.012397342995169076
697 22.856483448327857 0.31173556250246 0.01290056360708534
698 22.895854777260723 0.31227322695181975 0.013403784219001605
699 22.927351686937143 0.31271445346436505 0.013806360708534617
700 22.959635827643805 0.31318019489734095 0.014219001610305954
701 22.998219010481876 0.3137573935926723 0.014712157809983892
702 23.029437853777708 0.3142167232826317 0.014712157809983892
703 23.069596450331396 0.31477665996496795 0.014198872785829302
704 23.100306105861115 0.31519464740004943 0.013806360708534617
705 23.132080855016977 0.3156333689243943 0.013806360708534617
706 23.171799291461802 0.3161817708298254 0.013806360708534617
707 23.203574040617664 0.3166204923541703 0.013806360708534617
708 23.235348789773525 0.31705921387851516 0.013806360708534617
709 23.267123538929386 0.31749793540286003 0.013806360708534617
710 23.307282626197598 0.3180214963201087 0.013293075684380026
711 23.330118239183076 0.3183150705483463 0.013001207729468594
712 23.361615818531796 0.31870557684942813 0.012598631239935583
713 23.400988056888085 0.31917191558427277 0.012095410628019318
714 23.440707373485868 0.31965236045814394 0.012095410628019318
715 23.472482826764093 0.32003671635724085 0.012095410628019318
716 23.5153796886897 0.3205555968210217 0.012095410628019318
717 23.544771982972055 0.32091112602768634 0.012095410628019318
718 23.575753049918323 0.32128587302930584 0.012095410628019318
719 23.607528503196548 0.32167022892840275 0.012095410628019318
720 23.64724781979433 0.3221506738022739 0.012095410628019318
721 23.687761522724067 0.3226407275736225 0.012095410628019318
722 23.720331362334246 0.32303469237019683 0.012095410628019318
723 23.75051804294856 0.3233998304743389 0.012095410628019318
724 23.78308788255874 0.32379379527091323 0.012095410628019318
725 23.824395971820433 0.32429345793973924 0.012095410628019318
726 23.85378826610279 0.3246489871464039 0.012095410628019318
727 23.885563719381015 0.3250333430455008 0.012095410628019318
728 23.925283035978797 0.32551378791937197 0.012095410628019318
729 23.957058489257022 0.3258981438184689 0.012095410628019318
730 23.988833942535248 0.3262824997175658 0.012095410628019318
731 24.029347645464984 0.3267725534889144 0.012095410628019318
732 24.075397054547125 0.3273295671647123 0.012095410628019318
733 24.108177989825936 0.32772608537460235 0.012095410628019318
734 24.153446900449058 0.32827365814064097 0.012095410628019318
735 24.184666838809832 0.32865129453101244 0.012095410628019318
736 24.225613441939633 0.32917873375089124 0.012618760064412232
737 24.272071702172653 0.3298063979691419 0.013212560386473424
738 24.310315586001146 0.3303117269993727 0.013212560386473424
739 24.341535083003997 0.33072424049343874 0.013212560386473424
740 24.38055945425756 0.33123988236102125 0.013212560386473424
741 24.42738869976184 0.3318586526021202 0.013212560386473424
742 24.46754727374125 0.3324202059746848 0.013725845410628015
743 24.50613073653665 0.3329783770647793 0.014219001610305954
744 24.537627276051488 0.33344528025640613 0.014621578099838965
745 24.576997621349726 0.33405070250375785 0.01512479871175523
746 24.616783682486012 0.3347185912450643 0.016231884057971012
747 24.64827921837307 0.3352488922795561 0.016634460547504025
748 24.696438321900004 0.33610242919140576 0.017359098228663446
749 24.736570515679883 0.3368355210333533 0.017962962962962962
750 24.77830750064098 0.3376246524117513 0.018590982286634458
751 24.816833537669204 0.33837448484494487 0.019170692431561994
752 24.857381641056406 0.3391519153052323 0.019170692431561994
753 24.89792974444361 0.33992934576551975 0.019170692431561994
754 24.946587468508252 0.3408622623178647 0.019170692431561994
755 24.98226979948899 0.3415464011229177 0.019170692431561994
756 25.019574054605215 0.34226163714638214 0.019170692431561994
757 25.05282349938272 0.34289913012381784 0.019170692431561994
758 25.092560640702175 0.34366101197489957 0.019170692431561994
759 25.125810085479678 0.34429850495233527 0.019170692431561994
760 25.165547226799134 0.345060386803417 0.019170692431561994
761 25.197985709508895 0.345682331171647 0.019170692431561994
762 25.230424192218656 0.34630427553987697 0.019170692431561994
763 25.2790819162833 0.3472371920922219 0.019170692431561994
764 25.31118667242724 0.34787601110278443 0.01965378421900161
765 25.343291116216708 0.3485303395822315 0.020136876006441224
766 25.38300528515414 0.349330166989091 0.020136876006441224
767 25.422719454091574 0.35012999439595044 0.020136876006441224
768 25.46287317700867 0.3509696027254259 0.020650161030595814
769 25.496727996253853 0.35169079626817534 0.021082930756843803
770 25.52664597898962 0.352338819433147 0.021465378421900164
771 25.556563711702452 0.3529982846130883 0.021847826086956526
772 25.58855885188101 0.3536974201137452 0.021847826086956526
773 25.626796946240752 0.3545329722974571 0.021847826086956526
774 25.65801171714666 0.35521505571273215 0.021847826086956526
775 25.69703018077905 0.35606765998182593 0.021847826086956526
776 25.736048644411436 0.3569202642509197 0.021847826086956526
777 25.768043784589995 0.35761939975157664 0.021847826086956526
778 25.79815279142821 0.35829860393848406 0.02231884057971015
779 25.84091991518724 0.35925327507796245 0.02231884057971015
780 25.882608599258653 0.36022467633069527 0.022971014492753628
781 25.91315609358178 0.3609265067142147 0.022971014492753628
782 25.958977335066468 0.3619792522894939 0.022971014492753628
783 25.989524829389595 0.36268108267301336 0.022971014492753628
784 26.022363385786957 0.3634355503352968 0.022971014492753628
785 26.05825669161663 0.36426020103593215 0.022971014492753628
786 26.08852605596916 0.3649739298739206 0.02337359098228664
787 26.118795130538405 0.3656998443881851 0.023776167471819654
788 26.156630965672452 0.3666281814214912 0.024279388083735916
789 26.186899370293116 0.36738151327421986 0.024681964573268926
790 26.21868084984844 0.3681862658567235 0.025104669887278587
791 26.262568811829137 0.3693267437328224 0.025688405797101452
792 26.295862803323743 0.37020433203113784 0.026131239935587764
793 26.32310310915803 0.3709311319035673 0.026493558776167474
794 26.353647941736345 0.37174056261179195 0.026493558776167474
795 26.391828982459238 0.3727523509970727 0.026493558776167474
796 26.430773643996588 0.37378437515005913 0.026493558776167474
797 26.460554855760442 0.3745735700905781 0.026493558776167474
798 26.499151474620778 0.3756313573019839 0.02709742351046699
799 26.524625035378335 0.37633703435894306 0.02749597423510467
800 26.56939567595984 0.3776154356352053 0.028196457326892112
801 26.60335917342866 0.3786004343160958 0.028727858293075687
802 26.63037530142081 0.37939390764072456 0.029150563607085348
803 26.661250406741193 0.380316582147472 0.029633655394524963
804 26.699843513767775 0.3814955610570738 0.03023752012882448
805 26.738435901814075 0.3826978447666207 0.030841384863123995
806 26.773168491077545 0.38379772796723766 0.03138486312399356
807 26.807900477448978 0.38491648741169826 0.03192834138486312
808 26.84690836408785 0.38616236791986136 0.03192834138486312
809 26.878391696633066 0.38718695166321365 0.03233091787439613
810 26.91853219629973 0.3885161216149412 0.03284420289855072
811 26.949227533241977 0.3895427404594262 0.03323671497584541
812 26.997237012276592 0.3911832675316781 0.033850644122383255
813 27.02006108859565 0.3919661764867205 0.03414251207729469
814 27.059412115107964 0.39333998048549346 0.03464573268921096
815 27.09876244531137 0.3947335865571268 0.035148953301127224
816 27.13024231479789 0.39585956040749165 0.03555152979066024
817 27.17232126431282 0.39735616201174456 0.03555152979066024
818 27.201697134728903 0.3984009593581098 0.03555152979066024
819 27.2342487749197 0.399558707768947 0.03555152979066024
820 27.273558773359685 0.4009917674305977 0.036143317230273767
821 27.314048978648554 0.4024558553525042 0.036143317230273767
822 27.355764720337575 0.4040036076938374 0.036771336553945266
823 27.39427075915823 0.40545369462922803 0.037351046698872806
824 27.433578115136513 0.4069574909392447 0.037942834138486335
825 27.46566522339933 0.4081988370313246 0.03842592592592595
826 27.498085717839793 0.40944523806812894 0.03842592592592595
827 27.538611335890373 0.4110032393641344 0.03842592592592595
828 27.579136953940953 0.4125612406601399 0.03842592592592595
829 27.619662571991533 0.41411924195614536 0.03842592592592595
830 27.66142485418203 0.4156861462349686 0.03780998389694044
831 27.69368511422029 0.41690648773427813 0.03780998389694044
832 27.726772560413377 0.4181581200412623 0.03780998389694044
833 27.77640372970301 0.42003556850173857 0.03780998389694044
834 27.819417409754024 0.421662690500818 0.03780998389694044
835 27.859456527276148 0.4231482361337292 0.037326892109500825
836 27.909506646606534 0.42497192272743317 0.036723027375201306
837 27.97006578920206 0.4271968380280258 0.036723027375201306
838 28.01884954295957 0.4289891309090588 0.036723027375201306
839 28.070997693527936 0.43090503019568027 0.036723027375201306
840 28.121965313751403 0.43272208516358746 0.035998389694041885
841 28.1737837521364 0.43453093655059644 0.035261674718196474
842 28.223054904858664 0.4362172074124719 0.034561191626409034
843 28.257035443205083 0.43736743073313583 0.03407809983896942
844 28.30850554218908 0.43912211320509104 0.03407809983896942
845 28.341961106528682 0.44026265681186194 0.03407809983896942
846 28.384852855682013 0.441724892205158 0.03407809983896942
847 28.436824559444688 0.4434401204712903 0.03335346215781
848 28.475303146701176 0.44472399069249435 0.03335346215781
849 28.506785627183756 0.4457744299643886 0.03335346215781
850 28.560130941334794 0.44755434095287605 0.03335346215781
851 28.60332323807124 0.44896350242030686 0.032860305958132066
852 28.65751618835774 0.45074494059246334 0.032860305958132066
853 28.692489768238342 0.45186986123237366 0.032389291465378445
854 28.737328647785557 0.4532820124543855 0.031785426731078925
855 28.782168371905733 0.4546670868024865 0.03118156199677941
856 28.837380408866032 0.4563892425369376 0.03118156199677941
857 28.89078221510632 0.4580549341489476 0.03118156199677941
858 28.936386097243307 0.4594429395652999 0.030678341384863146
859 28.98563912700152 0.4609142262935628 0.03013486312399358
860 29.031244436980632 0.46225449742626923 0.029631642512077318
861 29.073520314798497 0.4635075678923793 0.029631642512077318
862 29.111200988505725 0.46462443504695566 0.029631642512077318
863 29.16542439701125 0.46623163412305335 0.029631642512077318
864 29.211376438117625 0.46759366723839035 0.029631642512077318
865 29.257328479224 0.46895570035372736 0.029631642512077318
866 29.303280520330375 0.47031773346906436 0.029631642512077318
867 29.358920924629217 0.47202746655910566 0.03035628019323674
868 29.40570491609338 0.47344809090958073 0.03035628019323674
869 29.44500346892328 0.4746414153639798 0.03035628019323674
870 29.50541789795105 0.4765460490415573 0.03112922705314012
871 29.5711277144064 0.47859220580858036 0.03112922705314012
872 29.633028266139704 0.4805197447920079 0.03112922705314012
873 29.672073229540707 0.48173557707386216 0.03112922705314012
874 29.718736722385813 0.48318864492290753 0.03112922705314012
875 29.757781685786817 0.4844044772047618 0.03112922705314012
876 29.814376271969994 0.48621725132676186 0.03172302737520131
877 29.85370430546796 0.48748964181572835 0.032135668276972645
878 29.90104651643318 0.48901153932732644 0.032135668276972645
879 29.94065938683265 0.4902849637758065 0.032135668276972645
880 29.98800159779787 0.4918068612874046 0.032135668276972645
881 30.017237002289747 0.4927307791389066 0.031773349436392935
882 30.06637885304495 0.49429270598247554 0.031773349436392935
883 30.11552070380015 0.4958546328260445 0.031773349436392935
884 30.164662554555353 0.4974165596696134 0.031773349436392935
885 30.204642365339247 0.4986872798135339 0.031773349436392935
886 30.255190332604045 0.500340649220807 0.032389291465378445
887 30.303755097594475 0.5019573343691375 0.032981078904991974
888 30.35430103117191 0.5036717508254023 0.033597020933977484
889 30.392629389238273 0.504959954200935 0.033597020933977484
890 30.453084636460197 0.5070587203734847 0.034333735909822895
891 30.521466321086123 0.5094930237071513 0.035167069243156227
892 30.561441589179974 0.5108994165487069 0.035167069243156227
893 30.62090703926521 0.5129267907521053 0.034442431561996806
894 30.66021704470999 0.5142812585598847 0.034442431561996806
895 30.70935455151597 0.5159743433196089 0.034442431561996806
896 30.74866455696075 0.5173288111273883 0.034442431561996806
897 30.787974562405534 0.5186832789351676 0.034442431561996806
898 30.83711206921151 0.5203763636948918 0.034442431561996806
899 30.88821507628973 0.522137171845005 0.034442431561996806
900 30.9357882529403 0.5237349400928212 0.033862721417069266
901 30.98492673298796 0.5253995390584567 0.033862721417069266
902 31.034065213035625 0.5270641380240922 0.033862721417069266
903 31.0737081557402 0.528435829741016 0.03434581320450888
904 31.123678667767006 0.5301527827918265 0.03434581320450888
905 31.183643282199174 0.5322131264527992 0.03434581320450888
906 31.23361379422598 0.5339300795036097 0.03434581320450888
907 31.293996684034493 0.5359500372962417 0.03374194847020936
908 31.33425234866569 0.5372845213975622 0.033339371980676345
909 31.374785367280577 0.5386363676850159 0.033339371980676345
910 31.425869597919384 0.5402937931142711 0.032735507246376826
911 31.477369769233118 0.5419802798091432 0.032735507246376826
912 31.518569906284107 0.543329469165041 0.032735507246376826
913 31.559770043335096 0.5446786585209388 0.032735507246376826
914 31.61127021464883 0.5463651452158109 0.032735507246376826
915 31.663118688977345 0.5480238600210734 0.03223228663446056
916 31.704319499751623 0.5493523164488401 0.03223228663446056
917 31.745798744072726 0.5506646771272768 0.031829710144927546
918 31.810093049918994 0.5526515995582622 0.03120571658615138
919 31.880610924561623 0.5547804151647394 0.03052133655394526
920 31.921813947952838 0.5560383771519591 0.03052133655394526
921 31.973317727191855 0.5576108296359837 0.03052133655394526
922 32.01349067499829 0.558837342573523 0.03052133655394526
923 32.07581925385077 0.5606713455376643 0.02978462157809985
924 32.12690905345465 0.5621471691881199 0.029180756843800334
925 32.17723593593136 0.5635781428670273 0.02867753623188407
926 32.22756353213132 0.5649837908412244 0.028174315619967808
927 32.27788968814044 0.5664400898624753 0.02867753623188407
928 32.32821510493784 0.5679217138572896 0.029180756843800334
929 32.36948149762088 0.5691518048682405 0.02959339774557167
930 32.408734445171305 0.570336903724074 0.029985909822866356
931 32.45871196798589 0.5718359745421985 0.029985909822866356
932 32.507689940344186 0.5733050639439604 0.029985909822866356
933 32.54867150905214 0.5745343020148225 0.029985909822866356
934 32.59864903186673 0.576033372832947 0.029985909822866356
935 32.6386310501184 0.5772326294874466 0.029985909822866356
936 32.68895448532408 0.5787800966416154 0.03048913043478262
937 32.729212794909195 0.5800322516101718 0.03089170692431563
938 32.77988305248495 0.5815980404648314 0.03089170692431563
939 32.8305533100607 0.5831638293194911 0.03089170692431563
940 32.87514313672737 0.5845417235115916 0.03089170692431563
941 32.92378658400009 0.586044880812065 0.03089170692431563
942 32.962613312075064 0.5872179328950353 0.030432769726247998
943 33.01411723037921 0.5887858238465571 0.030432769726247998
944 33.05532036502253 0.5900401366077745 0.030432769726247998
945 33.117125066987505 0.5919216057496006 0.030432769726247998
946 33.15832820163082 0.5931759185108181 0.030432769726247998
947 33.19953133627414 0.5944302312720355 0.030432769726247998
948 33.25103525457829 0.5959981222235573 0.030432769726247998
949 33.29223838922161 0.5972524349847748 0.030432769726247998
950 33.33344152386493 0.5985067477459922 0.030432769726247998
951 33.3753341640724 0.5997509065039314 0.029937600644122393
952 33.414161993691216 0.6008869132335009 0.02947866344605476
953 33.46525224244407 0.6023471054754708 0.028874798711755245
954 33.507487407234386 0.6035669764002826 0.028874798711755245
955 33.54802605728623 0.6047378471847314 0.028874798711755245
956 33.59869936985103 0.6062014356652925 0.028874798711755245
957 33.63957034812533 0.6074115470112761 0.02935789049919486
958 33.68010842780873 0.6086020015472496 0.02935789049919486
959 33.73078102741298 0.6100900697172166 0.02935789049919486
960 33.76118458717553 0.6109829106191967 0.02935789049919486
961 33.81287063877186 0.612500740152563 0.02935789049919486
962 33.85340871845526 0.6136911946885365 0.02935789049919486
963 33.902728792796246 0.6151030297312848 0.02886473429951692
964 33.95305612497981 0.616518098909555 0.02836151368760066
965 33.99432496084406 0.617663295563297 0.02794887278582932
966 34.03930738634959 0.6189208311052926 0.02794887278582932
967 34.09628512532326 0.620513709458487 0.02794887278582932
968 34.14326676974015 0.6218271354690158 0.02794887278582932
969 34.2062421654479 0.6235876852278097 0.02794887278582932
970 34.243227715308 0.6246216588956728 0.02794887278582932
971 34.29420779754761 0.6260468658432679 0.02794887278582932
972 34.34318866087585 0.6274161823223298 0.02794887278582932
973 34.39516835257113 0.6288693345041914 0.02794887278582932
974 34.46314179555727 0.6307696104343181 0.02794887278582932
975 34.51312226834119 0.6321668721476466 0.02794887278582932
976 34.56226973324538 0.6335408461657529 0.02794887278582932
977 34.61141719814957 0.6349148201838593 0.02794887278582932
978 34.650068763769134 0.6359953692421666 0.02794887278582932
979 34.698383220793595 0.6373460555650508 0.02794887278582932
980 34.737717137607206 0.6384213157537864 0.027536231884057984
981 34.78533796668487 0.6397329454743567 0.027536231884057984
982 34.83200637918098 0.6410183426005155 0.027536231884057984
983 34.86976907184645 0.6420858333408432 0.0280193236714976
984 34.91613855616385 0.643427450456068 0.028623188405797115
985 34.952901269194165 0.6444800039809208 0.028623188405797115
986 34.98966398222448 0.6455325575057735 0.028623188405797115
987 35.035269294901305 0.6468727368403493 0.02912640901771338
988 35.083243382796596 0.6482704450165014 0.02912640901771338
989 35.12678046453048 0.6495388825788388 0.02912640901771338
990 35.15698986818257 0.6504190229282159 0.02912640901771338
991 35.19577970671704 0.6515233636568707 0.028683574879227066
992 35.241695389263484 0.6527966300883546 0.02804347826086958
993 35.28287918972972 0.6539518699583083 0.02804347826086958
994 35.31805701929463 0.6549386373472271 0.02804347826086958
995 35.35002777701902 0.6558354437025836 0.02804347826086958
996 35.382839870473006 0.6567558502251863 0.02804347826086958
997 35.4253948717036 0.6579167640713719 0.02753019323671499
998 35.45849343596059 0.6588282042165281 0.02753019323671499
999 35.49822281996974 0.6599222382431132 0.02753019323671499
1000 35.53914999630816 0.6610114151837477 0.026914251207729483
1001 35.57885783246837 0.6620803799846872 0.026914251207729483
1002 35.610849019909054 0.6629416068008845 0.026914251207729483
1003 35.64867328600366 0.6639934655131506 0.02750603864734301
1004 35.67845368345907 0.6648128129214601 0.02750603864734301
1005 35.70947613201528 0.6656855494153072 0.027918679549114346
1006 35.74621181050279 0.666711427606035 0.027918679549114346
1007 35.77626676015879 0.6675507401938231 0.027918679549114346
1008 35.807054757367375 0.6684105238203378 0.027918679549114346
1009 35.841441351652286 0.6693708016369646 0.027918679549114346
1010 35.8769143714171 0.6703346224476662 0.027415458937198083
1011 35.90501491893047 0.6711052049222999 0.027415458937198083
1012 35.945480262696506 0.672214858914675 0.027415458937198083
1013 35.979609099602314 0.6731507511276911 0.027415458937198083
1014 36.01306874362762 0.6740682925130009 0.027415458937198083
1015 36.03862580284827 0.6747691266134483 0.027415458937198083
1016 36.0651513946131 0.6755162373327019 0.02791062801932369
1017 36.09644475739691 0.6763898816098334 0.02791062801932369
1018 36.12830734284005 0.6772794173755906 0.02791062801932369
1019 36.15296389713029 0.6779856574033689 0.028393719806763303
1020 36.177620107364646 0.6787038087271577 0.028876811594202918
1021 36.20760680329138 0.6795971549074526 0.029480676328502434
1022 36.231263186231274 0.680294763187226 0.029480676328502434
1023 36.260833664906144 0.6811667735369428 0.029480676328502434
1024 36.28421197019009 0.6818703113876327 0.029883252818035444
1025 36.31366548083953 0.6827507401852402 0.029883252818035444
1026 36.34196395185566 0.6835966423633336 0.029883252818035444
1027 36.359039932858686 0.6840977916047173 0.029520933977455734
1028 36.38708326429651 0.684925897515355 0.029520933977455734
1029 36.409517929446764 0.6855883822438653 0.029520933977455734
1030 36.43195259459702 0.6862508669723756 0.029520933977455734
1031 36.45405453877998 0.6868874970857461 0.02903784219001612
1032 36.48720825052761 0.6878144140901137 0.028313204508856698
1033 36.50897729994629 0.6884309303879443 0.028313204508856698
1034 36.5367328379551 0.6892169886676784 0.028313204508856698
1035 36.55795766113831 0.6898180920580633 0.028313204508856698
1036 36.58447480679499 0.69056907810963 0.028313204508856698
1037 36.61046160953853 0.6913050444401653 0.028313204508856698
1038 36.63220566897701 0.69192085300245 0.028313204508856698
1039 36.65341938550235 0.6925216418437034 0.028313204508856698
1040 36.6794061882459 0.6932576081742386 0.028313204508856698
1041 36.701150247684375 0.6938734167365234 0.028313204508856698
1042 36.73247004020477 0.6947944890776315 0.02903784219001612
1043 36.758569446298246 0.6955762339364748 0.029641706924315635
1044 36.77422897620115 0.6960490633606832 0.030004025764895345
1045 36.80032761480367 0.6968560246682012 0.03060789049919486
1046 36.820359894256065 0.6974693620296895 0.03060789049919486
1047 36.841419470090635 0.6981141525892027 0.03060789049919486
1048 36.866588231453896 0.6988847559408161 0.03060789049919486
1049 36.892784289199334 0.6996868124904546 0.03060789049919486
1050 36.91846669875368 0.7004731424410805 0.03060789049919486
1051 36.949285590218906 0.7014167383818316 0.03060789049919486
1052 36.97599529615543 0.7022345215304826 0.03060789049919486
1053 37.000650409327605 0.7029893982830835 0.03060789049919486
1054 37.02716576189453 0.7038012308267027 0.03060789049919486
1055 37.04837804394807 0.704450696861598 0.03060789049919486
1056 37.07523982763373 0.7052934318286233 0.031111111111111124
1057 37.09700706689257 0.7059708534009501 0.031111111111111124
1058 37.11887981062741 0.7066515583941633 0.031111111111111124
1059 37.14748262935759 0.7075417110775959 0.031111111111111124
1060 37.17116005491874 0.7082785798491269 0.031111111111111124
1061 37.19979691195795 0.7091909965183101 0.03160426731078906
1062 37.22286038891932 0.709920143590067 0.03160426731078906
1063 37.25104553765615 0.710835234122692 0.03217190016103061
1064 37.29117155814523 0.7122226705031409 0.03376610305958133
1065 37.308428084551814 0.7128143411519806 0.03410426731078906
1066 37.33278891063167 0.7136454715310466 0.03410426731078906
1067 37.35777437327768 0.7144979129454734 0.03410426731078906
1068 37.38338447248984 0.7153716653952608 0.03410426731078906
1069 37.4149624988674 0.7164728930094783 0.03460748792270533
1070 37.440502752284154 0.7173571300598164 0.03460748792270533
1071 37.47242806905509 0.7184624263727389 0.03460748792270533
1072 37.49796832247184 0.7193466634230771 0.03460748792270533
1073 37.52319425159438 0.720237862623995 0.03507850241545895
1074 37.55005549449711 0.721180501469213 0.03507850241545895
1075 37.582838092413425 0.7223309378192728 0.03507850241545895
1076 37.61026842944544 0.7232935478264657 0.03507850241545895
1077 37.64372005997229 0.7244674624693839 0.03507850241545895
1078 37.669812331783234 0.72538311589086 0.03507850241545895
1079 37.69724266881525 0.7263457258980529 0.03507850241545895
1080 37.723984540754266 0.7272841756702713 0.03507850241545895
1081 37.751412101717364 0.7282466882571619 0.03507850241545895
1082 37.79374876871079 0.7296855636706806 0.03434178743961354
1083 37.82114094150889 0.7306266298269265 0.03434178743961354
1084 37.85625911176285 0.7318331248990366 0.03434178743961354
1085 37.88562512005902 0.7328420027545924 0.03434178743961354
1086 37.92143732529824 0.7340723416028313 0.03434178743961354
1087 37.950020462131036 0.735054323678914 0.03434178743961354
1088 37.979336499908264 0.7360614847825886 0.03434178743961354
1089 38.00972767094738 0.7370829831831552 0.03384661835748794
1090 38.03896091824076 0.7380728077554048 0.03384661835748794
1091 38.07830051910592 0.7393739117753572 0.03332326892109502
1092 38.10807564637026 0.7403664837728472 0.03332326892109502
1093 38.146666471194884 0.7416179391614975 0.0327194041867955
1094 38.177871982286135 0.742639329404076 0.0327194041867955
1095 38.21722686861176 0.7438977201609012 0.03221618357487924
1096 38.25654367759559 0.7451298600373518 0.03162439613526571
1097 38.29746605161472 0.7463865915451986 0.0310084541062802
1098 38.32989489924928 0.747392482395603 0.0310084541062802
1099 38.370029463880215 0.7486017322280158 0.030416666666666675
1100 38.403952654297285 0.749633880928416 0.030416666666666675
1101 38.44601652193672 0.750913718284044 0.030416666666666675
1102 38.50490593663192 0.7527054905819232 0.030416666666666675
1103 38.538365452732435 0.7537235315042118 0.030416666666666675
1104 38.581694164597785 0.7550819232332046 0.03103260869565218
1105 38.61506634597088 0.7561380537345553 0.03143518518518519
1106 38.65329467235382 0.7573401642433387 0.03143518518518519
1107 38.691887791244184 0.7585187547359421 0.030831320450885675
1108 38.722428825347976 0.7594606736175905 0.030831320450885675
1109 38.76101371780795 0.7606804104253393 0.03134460547504026
1110 38.797336508061306 0.7618515826251016 0.03193639291465379
1111 38.82704563741441 0.7628227973700527 0.03243156199677939
1112 38.87849137948978 0.7645580919600492 0.033289049919484705
1113 38.90707553425304 0.7655099829569593 0.033289049919484705
1114 38.95301781200959 0.7671300545297293 0.034595410628019324
1115 38.98949386493687 0.7684520087069158 0.035682367149758455
1116 39.020073668116225 0.7695636010386027 0.036117149758454106
1117 39.062920707041044 0.7711117871950788 0.036117149758454106
1118 39.10775401073984 0.7726910812066409 0.03551328502415459
1119 39.144508599009434 0.7739969063880059 0.03551328502415459
1120 39.18259567990511 0.7753500726635594 0.03551328502415459
1121 39.23186459475472 0.7771005096211777 0.03551328502415459
1122 39.282099566758234 0.7788852688720828 0.03551328502415459
1123 39.31733011658674 0.7801369476769697 0.03551328502415459
1124 39.35541719748242 0.7814901139525232 0.03551328502415459
1125 39.401775325830684 0.783179181266621 0.036117149758454106
1126 39.43852911885722 0.7845072010082306 0.036117149758454106
1127 39.467013308452785 0.785536416307978 0.036117149758454106
1128 39.522637633444624 0.78759757507233 0.03673107890499195
1129 39.55820035370221 0.7889253868551436 0.03712359098228664
1130 39.59467438044651 0.7903021123383495 0.03752616747181965
1131 39.648969461809244 0.7923405555985721 0.03752616747181965
1132 39.68516618271774 0.7936995177720538 0.03752616747181965
1133 39.72136290362623 0.7950584799455356 0.03752616747181965
1134 39.76932355882998 0.7968591048253989 0.03752616747181965
1135 39.80280552567034 0.7981161448358695 0.03752616747181965
1136 39.83777347615473 0.7994042345191685 0.03705515297906603
1137 39.874535337025186 0.8007397329355418 0.03655998389694043
1138 39.92116130118738 0.802401157066525 0.03593196457326893
1139 39.96420149809217 0.8039108683549863 0.03535225442834139
1140 40.000068872452935 0.8051533667027087 0.03486916264090178
1141 40.0359368428691 0.8063785376721286 0.03438607085346217
1142 40.08077281327459 0.8078802193698955 0.03378220611916265
1143 40.1156957208426 0.8091068915050003 0.03466787439613527
1144 40.15317318819609 0.8104066763981036 0.03466787439613527
1145 40.1902353883016 0.8116584489215207 0.03406400966183575
1146 40.218494658652965 0.8126014569855262 0.03359299516908213
1147 40.26413718611323 0.8140427347381728 0.032242351046698876
1148 40.308615590706104 0.8154289255161339 0.031517713365539456
1149 40.35259373845751 0.8168154753189797 0.031517713365539456
1150 40.3815786660099 0.8177503415033381 0.03200080515297907
1151 40.433470817007496 0.81934562913282 0.031155394524959742
1152 40.47324517672274 0.8205191048902588 0.03004830917874396
1153 40.53455082317892 0.8223617905302603 0.03004830917874396
1154 40.56381488588375 0.8232578405358772 0.03042270531400966
1155 40.605586021766776 0.8245676534308274 0.031038647342995166
1156 40.653176976943115 0.8260452868519195 0.031038647342995166
1157 40.69169277559673 0.8272076258094119 0.03045893719806763
1158 40.733324566311225 0.8284390891277081 0.029867149758454104
1159 40.796407530487656 0.830323757903449 0.029867149758454104
1160 40.834423901328485 0.8314595362871393 0.029867149758454104
1161 40.88643791982251 0.8330682117961048 0.030567632850241545
1162 40.939331309505995 0.834637587118378 0.02996376811594203
1163 40.97364923128876 0.8356661892230426 0.02996376811594203
1164 41.0315676656244 0.8374021633252516 0.02996376811594203
1165 41.07210501659757 0.838617178756328 0.02996376811594203
1166 41.12025160228457 0.8400078852178539 0.029239130434782608
1167 41.17051899604679 0.8414780790939218 0.029239130434782608
1168 41.20132804383653 0.8423791656631248 0.029239130434782608
1169 41.24228165139805 0.8436140832814801 0.029842995169082124
1170 41.27537801915345 0.8446020713440935 0.029842995169082124
1171 41.31709459455255 0.8458789063570926 0.030346215780998387
1172 41.36381630159518 0.8473367051917194 0.030909822866344604
1173 41.40052577352616 0.848496158098061 0.03135265700483092
1174 41.43417589456504 0.8495515246284266 0.03135265700483092
1175 41.466984762577944 0.8505805069955331 0.03135265700483092
1176 41.51998370321417 0.8522427092808589 0.03135265700483092
1177 41.560029758293176 0.8535277191590612 0.03183574879227053
1178 41.60125052720309 0.8548404567260987 0.03183574879227053
1179 41.6437987333734 0.8562282616054334 0.03234903381642512
1180 41.68551197798319 0.857609635849785 0.03285225442834139
1181 41.718882182324506 0.8587264901165684 0.0332548309178744
1182 41.768102086320745 0.8604077833611206 0.03384863123993559
1183 41.818989367052396 0.8621778232749514 0.03446256038647343
1184 41.85125353134097 0.8632901693859225 0.03446256038647343
1185 41.89344513079527 0.864744775838731 0.03446256038647343
1186 41.934809443985756 0.8661708605963864 0.03446256038647343
1187 41.97739661786166 0.8675989402114502 0.03383454106280193
1188 42.02489885700723 0.869156803058602 0.03313405797101449
1189 42.0748593310363 0.8707575337676737 0.03239734299516908
1190 42.11377223418018 0.872018649685948 0.03239734299516908
1191 42.18754461305713 0.8744095152810097 0.03239734299516908
1192 42.218837226099 0.8754015360079591 0.03192632850241546
1193 42.275214037274154 0.8772020523927495 0.03192632850241546
1194 42.31850559818816 0.8785486814727638 0.03137278582930757
1195 42.35313926175275 0.8796125649694807 0.030929951690821255
1196 42.38462477803591 0.8805676902926372 0.030527375201288245
1197 42.42519475558194 0.8818065700888872 0.030527375201288245
1198 42.46342415750031 0.8829739760507381 0.030527375201288245
1199 42.50243375129457 0.8841652066240555 0.030527375201288245
1200 42.53286123445409 0.8850943664712431 0.030527375201288245
1201 42.572996908157364 0.8863578293157995 0.031155394524959742
1202 42.610816373004155 0.8875700962204944 0.03174718196457327
1203 42.64323257050442 0.8886242550010548 0.03225442834138486
1204 42.6717893074516 0.8895648174103877 0.0327012882447665
1205 42.71115037841777 0.8908888403861929 0.03331723027375201
1206 42.74937637467173 0.892162896157422 0.03331723027375201
1207 42.789162615670755 0.8934889542050277 0.03331723027375201
1208 42.82738861192472 0.8947630099762568 0.03331723027375201
1209 42.86717485292374 0.8960890680238626 0.03331723027375201
1210 42.91398219527553 0.8976491363151634 0.03331723027375201
1211 42.945187090176724 0.8986891818426973 0.03331723027375201
1212 42.97588193806606 0.8997303203064501 0.0337097423510467
1213 43.00708642233303 0.9007826140516713 0.0337097423510467
1214 43.04687213977342 0.9021242885768282 0.0337097423510467
1215 43.07027550297365 0.9029135088857441 0.0337097423510467
1216 43.11474189305408 0.9044130274726842 0.0337097423510467
1217 43.1475066015344 0.9055179359051664 0.0337097423510467
1218 43.186512206868116 0.9068333030866929 0.0337097423510467
1219 43.226297924308504 0.9081749776118498 0.0337097423510467
1220 43.257502408575476 0.909227271357071 0.0337097423510467
1221 43.29134492262888 0.9103905205973484 0.034142512077294684
1222 43.319677870142066 0.9113736712547305 0.034504830917874395
1223 43.36453730250916 0.9129608019840071 0.035078502415458936
1224 43.40939581700305 0.9145736670284574 0.035652173913043476
1225 43.45346644803882 0.9161828531921009 0.03621578099838969
1226 43.486017312012514 0.9173622238122419 0.03621578099838969
1227 43.51856817598621 0.9185415944323828 0.03621578099838969
1228 43.55747042805234 0.9199510861491366 0.03621578099838969
1229 43.599548374164684 0.9214756384141968 0.03621578099838969
1230 43.63606885569615 0.9227988347197207 0.03621578099838969
1231 43.66068048455431 0.9236905539690955 0.03621578099838969
1232 43.700376660131994 0.9251288108229259 0.03621578099838969
1233 43.73213360059414 0.9262794163059902 0.03621578099838969
1234 43.77182977617182 0.9277176731598206 0.03621578099838969
1235 43.81946518686504 0.9294435813844171 0.03621578099838969
1236 43.85015819748349 0.9305375445582937 0.035823268921095004
1237 43.88242569190183 0.9316739688683277 0.03541062801932367
1238 43.92256409725057 0.9330649477718184 0.03489734299516908
1239 43.96112908860625 0.9343827482069059 0.03440418679549114
1240 43.99182403067568 0.9354211063359666 0.03401167471819645
1241 44.02380829992684 0.9365093645604027 0.03401167471819645
1242 44.05423236092185 0.9375445370177931 0.03401167471819645
1243 44.094017671453784 0.9388982240774574 0.03401167471819645
1244 44.13302287785764 0.9402253682535989 0.03401167471819645
1245 44.1720280842615 0.9415525124297405 0.03401167471819645
1246 44.203232249384584 0.9426142277706536 0.03401167471819645
1247 44.241457351660365 0.9439148290632723 0.03401167471819645
1248 44.2812426621923 0.9452685161229366 0.03401167471819645
1249 44.312446827315384 0.9463302314638498 0.03401167471819645
1250 44.35925307500001 0.9479228044752196 0.03401167471819645
1251 44.3904572401231 0.9489845198161327 0.03401167471819645
1252 44.42088130111811 0.9500196922735231 0.03401167471819645
1253 44.45286557036927 0.9511079504979592 0.03401167471819645
1254 44.491870776773126 0.9524350946741007 0.03401167471819645
1255 44.53087598317698 0.9537622388502422 0.03401167471819645
1256 44.56988118958084 0.9550893830263838 0.03401167471819645
1257 44.601363612927834 0.9561415333010999 0.03360909822866344
1258 44.640269406921234 0.957449614513927 0.03360909822866344
1259 44.67202923875258 0.9585174359121532 0.03360909822866344
1260 44.704297827226256 0.9596223586091753 0.034021739130434776
1261 44.736057215726916 0.9607032853217663 0.034021739130434776
1262 44.77575645135274 0.962054443712505 0.034021739130434776
1263 44.807848180369945 0.96316996398413 0.03450483091787439
1264 44.84796190655952 0.9645910102262737 0.03510869565217391
1265 44.88005240409715 0.9657414121461998 0.03559178743961352
1266 44.91214234214048 0.9669073165870992 0.03607487922705313
1267 44.94503392553418 0.9681188543063368 0.03657004830917873
1268 44.98434244398692 0.9695919511791256 0.03716183574879226
1269 45.03167172392585 0.9714022636222194 0.03787439613526569
1270 45.06375891706877 0.9726414137337752 0.038357487922705304
1271 45.10386687076516 0.9742169934755395 0.03896135265700482
1272 45.13595269805095 0.9754910202320665 0.039444444444444435
1273 45.16870403500811 0.9768073194259757 0.039927536231884046
1274 45.201454732250255 0.9781394403675837 0.04041062801932366
1275 45.235023508345954 0.9795216894356923 0.04090579710144926
1276 45.267772886755395 0.9808858484603371 0.04138888888888887
1277 45.308708468055684 0.9826182391306524 0.04199275362318839
1278 45.34964299576277 0.9843753490375302 0.04259661835748791
1279 45.39057645494977 0.9861571775402359 0.04320048309178743
1280 45.434330804751895 0.9881257325066207 0.04437399355877616
1281 45.46817731900898 0.9896748070630796 0.045281803542673096
1282 45.505447317864444 0.991425863218446 0.04639291465378421
1283 45.545955763584715 0.9933800668279509 0.04760064412238324
1284 45.5856517695921 0.9953416914758554 0.04878421900161029
1285 45.61076490628179 0.9965960646359077 0.04953301127214169
1286 45.65126701591334 0.9986774588353788 0.050740740740740725
1287 45.69257649481675 1.0008518699832256 0.05197262479871174
1288 45.739873772612164 1.0033629422287864 0.05268518518518517
1289 45.77960669204457 1.0055243883856935 0.05379227053140095
1290 45.81139167801878 1.007278177919925 0.05467793880837357
1291 45.85112021133336 1.0095187976519648 0.05578502415458935
1292 45.890051793514985 1.0117564138381552 0.056869967793880816
1293 45.92977531988251 1.0140841142139543 0.057977053140096595
1294 45.97029058307832 1.016504569630699 0.059106280193236695
1295 46.00127148246334 1.018378143633798 0.059969806763285005
1296 46.03383930015263 1.0203780857125508 0.060877616747181944
1297 46.065611062191095 1.022357036970759 0.06176328502415457
1298 46.113264047185176 1.025399325772616 0.06309178743961351
1299 46.152972322247194 1.027974132116875 0.0641988727858293
1300 46.18394327858818 1.0300054542416843 0.0650623993558776
1301 46.216500489117166 1.0321712242969745 0.06597020933977454
1302 46.24826176121519 1.034311949834325 0.06685587761674718
1303 46.28716618580505 1.0369804259336999 0.06794082125603865
1304 46.32722875252138 1.0398118839238109 0.06968599033816425
1305 46.35897854404091 1.0421166289373582 0.0715378421900161
1306 46.39786492643059 1.0450362662443915 0.07380636070853462
1307 46.438331075179555 1.048172499921437 0.07616747181964573
1308 46.47799661958578 1.051338147259437 0.07848228663446054
1309 46.51765472983996 1.0545956044239193 0.08079710144927535
1310 46.55651241200881 1.057875170527272 0.08306561996779387
1311 46.58930315223317 1.0607197157156054 0.08537640901771335
1312 46.621287860826556 1.0635660946408907 0.08763083735909821
1313 46.660458436967545 1.0671710359897153 0.09039251207729466
1314 46.701216640620196 1.0710425866420628 0.09326690821256037
1315 46.733177894417565 1.074141249658662 0.09552133655394524
1316 46.76546609863778 1.0773214766225996 0.09729267310789048
1317 46.80581655206006 1.0813950493832798 0.09950684380032204
1318 46.838091825059315 1.0847039356206771 0.10127818035426729
1319 46.870086916902665 1.0880218479733672 0.10264694041867953
1320 46.917268076377496 1.093026375054387 0.10466586151368758
1321 46.95839348824695 1.0974874970745587 0.10692431561996778
1322 46.99036933682598 1.100986004198361 0.10829307568438001
1323 47.03832040198879 1.1063486387888863 0.11034621578099837
1324 47.08666933591485 1.1119006683870076 0.11300322061191626
1325 47.11862332673112 1.1155934878190976 0.11437198067632849
1326 47.15855705695075 1.1202846774539834 0.11608293075684378
1327 47.20517254571273 1.1259140623975386 0.11881441223832527
1328 47.236770846317796 1.1297752163678731 0.12066626409017712
1329 47.27625630449021 1.1347022163704488 0.12298107890499194
1330 47.31610243765196 1.1397333274113455 0.12472624798711754
1331 47.35515886324472 1.144731951713844 0.12643719806763284
1332 47.39385854141759 1.1497819366234774 0.12865136876006442
1333 47.43295526907271 1.1550078417309637 0.1314694041867955
1334 47.47203711472181 1.1603439019059394 0.1342874396135266
1335 47.512665475869504 1.1660147912984278 0.1372181964573269
1336 47.55747448817138 1.172474398211271 0.1411876006441224
1337 47.604708340976444 1.1794762300565365 0.1451731078904992
1338 47.644052268003804 1.185428720474598 0.14849436392914653
1339 47.67551625351607 1.1902638757766228 0.1511513687600644
1340 47.71482389214878 1.1964514666835424 0.15447262479871174
1341 47.7619605600507 1.204080165072109 0.15845813204508855
1342 47.80122193853469 1.2105547998609112 0.16177938808373588
1343 47.841245718291425 1.217295883619031 0.16516706924315616
1344 47.874976420896644 1.223066943815036 0.16802334943639288
1345 47.91887319693633 1.2307650494975726 0.1717431561996779
1346 47.95212235732222 1.2367017117444767 0.17504025764895326
1347 48.00273360475453 1.2460461973441739 0.18006441223832523
1348 48.02961339562897 1.2510505533124674 0.1827334943639291
1349 48.06831954811508 1.2584344621971264 0.18658011272141703
1350 48.1022656572376 1.2650208453322718 0.18995571658615132
1351 48.14847144515966 1.2742831769772875 0.19520933977455712
1352 48.187802913159466 1.2823628544616599 0.2001409017713365
1353 48.22148851232404 1.289418869864708 0.20436795491143311
1354 48.26074433314706 1.2978584252311265 0.2092995169082125
1355 48.29276508165848 1.3048623084981317 0.2133252818035426
1356 48.33272561551074 1.3139109950365089 0.21956521739130427
1357 48.36545911454816 1.32148010210514 0.22468196457326883
1358 48.39815345604872 1.3292165983983217 0.22979871175523342
1359 48.427873097035786 1.3364039829771632 0.2347886473429951
1360 48.46795960048882 1.3464224025185598 0.24153180354267303
1361 48.50078969635325 1.354799213658159 0.24706119162640894
1362 48.53995310460406 1.3650907151232574 0.25366948470209333
1363 48.58063889865744 1.376087870646708 0.2605475040257648
1364 48.61171382996519 1.3846358428183099 0.2658071658615136
1365 48.65186093400575 1.3960425517142119 0.273154186795491
1366 48.683931261712274 1.405332975925769 0.279031803542673
1367 48.71562000282303 1.4147400711151346 0.28539251207729455
1368 48.748036624031016 1.424596481658241 0.2919122383252817
1369 48.77881473028447 1.434158247158335 0.2981139291465377
1370 48.81110334433742 1.4444262343942227 0.30463365539452486
1371 48.85036970465214 1.4572889493810486 0.3125845410628018
1372 48.88953255493211 1.47046345685366 0.32053542673107877
1373 48.912804173178756 1.4783863390287324 0.3256078904991947
1374 48.95145424820843 1.49198393786191 0.3340619967793879
1375 48.99075505935951 1.506196243995849 0.34268518518518504
1376 49.028402596998895 1.5201572064613358 0.3509702093397744
1377 49.052187407235735 1.5290781885162867 0.35621175523349424
1378 49.08849649397882 1.543130044775421 0.3649074074074073
1379 49.1191194285593 1.5551948680012238 0.37183977455716577
1380 49.15558688894203 1.569941188578893 0.38012479871175514
1381 49.19340640614548 1.5856225210459636 0.38874798711755226
1382 49.230354394564344 1.601306160707539 0.3972020933977455
1383 49.267168473042226 1.6173015984026793 0.4056561996779387
1384 49.297274496067296 1.6306039087059274 0.4125885668276972
1385 49.33311095571158 1.6468235818687547 0.42087359098228655
1386 49.3688118065799 1.663339600899498 0.4291586151368759
1387 49.39859690761047 1.6773457366402658 0.4360909822866344
1388 49.426540231185946 1.690729966614398 0.44315619967793873
1389 49.462190671900125 1.7082485571728976 0.45221417069243147
1390 49.49768096940572 1.7260893453067134 0.4612721417069242
1391 49.52574339855274 1.7403984357868405 0.4681159420289854
1392 49.568268460346225 1.7627416791886057 0.47855273752012867
1393 49.5953878681816 1.7771567884462176 0.4852254428341383
1394 49.623788380729444 1.7925156146796795 0.49224033816425106
1395 49.658246995140665 1.8115680296934995 0.5007950885668275
1396 49.69788145807114 1.8340385480206791 0.5107709339774555
1397 49.72467336033582 1.8494111675056564 0.5175342190016101
1398 49.75798309521491 1.8689375461642581 0.5259883252818034
1399 49.78424009265673 1.8845648319378336 0.5332347020933976
1400 49.823325171849284 1.9085033162038905 0.544104267310789
1401 49.8557323651138 1.9287169109147708 0.5531622383252818
1402 49.88795513728225 1.9492232158037623 0.5622202093397746
1403 49.92062579305794 1.970445373735924 0.5714593397745572
1404 49.95246798653808 1.9915377965648202 0.58051731078905
1405 49.97783423943016 2.0085729129284915 0.5877636876006442
1406 50.015805284516254 2.0348446105917573 0.5994283413848632
1407 50.0436788869029 2.054423073152464 0.6080334138486313
1408 50.07657713506523 2.0780441499240667 0.6178160225442835
1409 50.112397352104914 2.1044479763745976 0.6294102254428342
1410 50.13592059211726 2.121972291589922 0.6366566022544284
1411 50.160475908711504 2.1405646670959295 0.6442652979066024
1412 50.18174958384126 2.156905149692032 0.6514150563607086
1413 50.21025499929966 2.179299429978394 0.6610768921095009
1414 50.23349934065327 2.1978271448951574 0.6689995974235106
1415 50.260753915823074 2.2199714084884974 0.6778764090177135
1416 50.293994953140306 2.247708064693074 0.6895410628019325
1417 50.31515216676288 2.265554873345883 0.6969987922705315
1418 50.342032447373676 2.2887219749357453 0.7065599838969405
1419 50.36341214830502 2.307399164243349 0.7142089371980678
1420 50.38964833413688 2.330774451735517 0.7232669082125606
1421 50.410257330896656 2.349399010544442 0.7309963768115944
1422 50.431227784700845 2.3686579696419106 0.738919082125604
1423 50.45180944113535 2.387834089538179 0.7463466183574881
1424 50.48069966419824 2.4154830722671066 0.757747584541063
1425 50.500175438358355 2.4343432569571717 0.7654770531400967
1426 50.52352322188818 2.457384594465713 0.7743538647342997
1427 50.55223853887952 2.486419376034825 0.7854045893719809
1428 50.576450042243245 2.5113388367958738 0.7950060386473432
1429 50.59729665713853 2.533128196085946 0.8033393719806765
1430 50.62017398877912 2.5575088333783538 0.8125785024154591
1431 50.642387502535954 2.5816115826535797 0.8216364734299519
1432 50.66438178600585 2.6059145497706915 0.8306944444444447
1433 50.6859001582258 2.6300848035829567 0.839148550724638
1434 50.711697975028564 2.659776279789474 0.8500181159420294
1435 50.7325744547948 2.684189590770655 0.8588949275362323
1436 50.75736893998897 2.7138746711610313 0.8695833333333337
1437 50.77858220508709 2.7397162106208763 0.8788224637681163
1438 50.79915150321497 2.7652365297916024 0.8878804347826091
1439 50.81948879837536 2.790942115597195 0.8969384057971019
1440 50.83959242196888 2.8168308589900177 0.9059963768115947
1441 50.86373657331796 2.8487082991350614 0.9170471014492759
1442 50.89127445219554 2.8860219139683037 0.929023752012883
1443 50.910945331389705 2.9131041253296805 0.9380817230273758
1444 50.93755692929287 2.950859825912304 0.9505817230273758
1445 50.956902198590676 2.97868458729347 0.959035829307569
1446 50.97974816290485 3.0123274125662296 0.9691807568438009
1447 50.9959801805276 3.0365332020776226 0.9764512882447671
1448 51.0250684471705 3.0814874040455837 0.9898087761674724
1449 51.04645321260923 3.115047642658746 0.9989150563607091
1450 51.064873640318574 3.1444809666139895 1.0073691626409023
1451 51.0832488417199 3.1743509834720816 1.0153200483091793
1452 51.09817409050422 3.198931439173857 1.0218397745571663
1453 51.1125843935517 3.223003359820344 1.028200483091788
1454 51.1306810425079 3.2538588911545636 1.0363103864734304
1455 51.14749798417889 3.283024537337684 1.0439432367149764
1456 51.162394582678424 3.309248575883746 1.0507809983896945
1457 51.17878773363994 3.338654511440997 1.0584138486312404
1458 51.20278609981168 3.383087927032051 1.0698631239935592
1459 51.22150733353581 3.418412835739754 1.078927133655395
1460 51.23801617781537 3.4501462657137485 1.0870370370370375
1461 51.25395593236882 3.481383905804154 1.0949879227053145
1462 51.26948845740415 3.512360601459804 1.102334943639292
1463 51.28449360356132 3.542825471756795 1.1095350241545898
1464 51.30250737122533 3.5803045030364085 1.1183514492753628
1465 51.31731199819273 3.6116356062418853 1.1256984702093402
1466 51.3318860373943 3.643074632770504 1.1330454911433177
1467 51.346228702145645 3.6746198855915946 1.140392512077295
1468 51.36332197020081 3.7130754070630143 1.1484842995169087
1469 51.3803453295603 3.75210802821373 1.1558514492753629
1470 51.39187470985339 3.778825111861705 1.1608856682769733
1471 51.40517446348705 3.8101883758988175 1.1667793880837365
1472 51.4167941259223 3.8380183689698764 1.1724436392914659
1473 51.43134709288822 3.8735808741894036 1.1790579710144933
1474 51.449068229181826 3.918028414374024 1.1872946859903386
1475 51.4625751789338 3.95244807348619 1.1936594202898556
1476 51.47560857568686 3.9862739965198224 1.1998993558776172
1477 51.491270829924254 4.027926653004172 1.2073872785829312
1478 51.50662075612268 4.069695418436045 1.214875201288245
1479 51.519361194529594 4.104890982338293 1.2206119162640905
1480 51.52919314678635 4.1323815152332495 1.22508655394525
1481 51.54407499383678 4.175202558418566 1.232574476650564
1482 51.554129147869 4.204503355382911 1.2376912238325286
1483 51.566312336635896 4.240702602583509 1.2433272946859908
1484 51.58061350001054 4.28424765018454 1.2500905797101454
1485 51.59017360907391 4.313619878079044 1.2541163446054755
1486 51.601690835683264 4.349663393495474 1.2590479066022549
1487 51.61255738305615 4.384220140639741 1.2637701288244771
1488 51.62317190060659 4.418423461727339 1.2678462157809989
1489 51.63478495225296 4.456482807065508 1.2723752012882452
1490 51.64832200144779 4.501956485163845 1.2784319645732694
1491 51.65983372790835 4.541320241465134 1.2836674718196461
1492 51.67098982176315 4.580311197548855 1.2893035426731083
1493 51.68272019261439 4.622127600497419 1.2946376811594207
1494 51.69506860762355 4.667174077047083 1.300374396135266
1495 51.70363390082038 4.698812952951605 1.3044001610305962
1496 51.71412143605509 4.738420207319056 1.3094323671497587
1497 51.72420963303437 4.777285022318986 1.314363929146538
1498 51.73233148943884 4.809040622842272 1.3183896940418682
1499 51.74244299769883 4.849533342822378 1.3235225442834142
1500 51.75138426907765 4.886016147982897 1.3281421095008055
